 lat : 32.0 ;long : 42.0; ;alpha : 8.369805327269022
 
 Min number of satellites : 28.0;
 Rate minValue (%) : 100.0;
 MeanValue : 28.0;
 MeanTime : 3.925262928009033;
 StoreResult : [28.0];
 StoreTime : [3.925262928009033]