 lat : 32.0 ;long : 42.0; ;alpha : 50.814148004477914
 
 Min number of satellites : 3.0;
 Rate minValue (%) : 1.0;
 MeanValue : 4.5;
 MeanTime : 1.0808639049530029;
 StoreResult : [4.0, 4.0, 4.0, 6.0, 5.0, 4.0, 5.0, 4.0, 4.0, 5.0, 5.0, 5.0, 4.0, 5.0, 5.0, 4.0, 5.0, 4.0, 4.0, 5.0, 5.0, 5.0, 4.0, 4.0, 5.0, 5.0, 4.0, 4.0, 5.0, 5.0, 5.0, 5.0, 5.0, 4.0, 4.0, 4.0, 5.0, 4.0, 5.0, 5.0, 4.0, 4.0, 4.0, 4.0, 4.0, 5.0, 5.0, 4.0, 5.0, 5.0, 4.0, 5.0, 5.0, 4.0, 5.0, 4.0, 5.0, 5.0, 4.0, 4.0, 4.0, 4.0, 5.0, 4.0, 4.0, 5.0, 4.0, 5.0, 4.0, 5.0, 4.0, 6.0, 4.0, 4.0, 5.0, 5.0, 5.0, 5.0, 4.0, 5.0, 3.0, 4.0, 4.0, 4.0, 4.0, 5.0, 4.0, 4.0, 5.0, 5.0, 4.0, 5.0, 4.0, 4.0, 4.0, 5.0, 5.0, 5.0, 4.0, 5.0];
 StoreTime : [1.0557799339294434, 1.0603137016296387, 1.0820488929748535, 1.099120855331421, 1.0847630500793457, 1.0820584297180176, 1.0939936637878418, 1.0868723392486572, 1.105595588684082, 1.12015962600708, 1.071195125579834, 1.054856538772583, 1.0571832656860352, 1.0792267322540283, 1.1302087306976318, 1.059004545211792, 1.089930772781372, 1.0605814456939697, 1.1092052459716797, 1.087289810180664, 1.0850179195404053, 1.1195075511932373, 1.0558011531829834, 1.0885140895843506, 1.0546422004699707, 1.0783071517944336, 1.074082851409912, 1.0537428855895996, 1.0495200157165527, 1.0979382991790771, 1.0725796222686768, 1.1044981479644775, 1.0750162601470947, 1.0820536613464355, 1.0537991523742676, 1.0696513652801514, 1.0580852031707764, 1.1063244342803955, 1.1088974475860596, 1.058995246887207, 1.097062110900879, 1.1116394996643066, 1.0616962909698486, 1.0544517040252686, 1.0552148818969727, 1.0558993816375732, 1.0847620964050293, 1.0819447040557861, 1.1171588897705078, 1.1009595394134521, 1.0580167770385742, 1.0731430053710938, 1.1306548118591309, 1.063222885131836, 1.060318946838379, 1.0554089546203613, 1.0954430103302002, 1.05466628074646, 1.0572776794433594, 1.0496888160705566, 1.0878643989562988, 1.1367685794830322, 1.1300325393676758, 1.077810287475586, 1.0989105701446533, 1.0617167949676514, 1.0508437156677246, 1.07023286819458, 1.0839862823486328, 1.0857698917388916, 1.0579586029052734, 1.1195383071899414, 1.0620923042297363, 1.0939629077911377, 1.0601158142089844, 1.0571649074554443, 1.0891425609588623, 1.0664410591125488, 1.0641255378723145, 1.0598294734954834, 1.0627546310424805, 1.0805702209472656, 1.0488488674163818, 1.051553726196289, 1.104039192199707, 1.1083972454071045, 1.0893940925598145, 1.0773367881774902, 1.1623365879058838, 1.0587122440338135, 1.089402675628662, 1.1060266494750977, 1.1094615459442139, 1.0582444667816162, 1.102090835571289, 1.112879991531372, 1.0623576641082764, 1.094900369644165, 1.0942301750183105, 1.063551902770996]