 lat : 32.0 ;long : 42.0; ;alpha : 50.814148004477914
 
 Min number of satellites : 3.0;
 Rate minValue (%) : 1.0;
 MeanValue : 4.89;
 MeanTime : 1.0304223322868347;
 StoreResult : [5.0, 4.0, 5.0, 6.0, 5.0, 5.0, 6.0, 5.0, 5.0, 5.0, 6.0, 5.0, 4.0, 4.0, 4.0, 5.0, 5.0, 4.0, 5.0, 5.0, 5.0, 5.0, 5.0, 4.0, 5.0, 5.0, 4.0, 5.0, 5.0, 5.0, 5.0, 5.0, 5.0, 5.0, 5.0, 4.0, 5.0, 5.0, 5.0, 5.0, 5.0, 5.0, 5.0, 5.0, 5.0, 5.0, 5.0, 4.0, 5.0, 5.0, 5.0, 5.0, 5.0, 5.0, 5.0, 4.0, 6.0, 5.0, 4.0, 5.0, 6.0, 5.0, 4.0, 5.0, 4.0, 5.0, 5.0, 5.0, 5.0, 5.0, 4.0, 5.0, 5.0, 5.0, 6.0, 5.0, 5.0, 6.0, 5.0, 5.0, 3.0, 5.0, 4.0, 6.0, 5.0, 5.0, 5.0, 5.0, 6.0, 5.0, 5.0, 5.0, 4.0, 4.0, 5.0, 5.0, 5.0, 5.0, 4.0, 5.0];
 StoreTime : [1.0276849269866943, 1.027702808380127, 1.031153917312622, 1.0297529697418213, 1.0325911045074463, 1.035789966583252, 1.025784969329834, 1.0269780158996582, 1.0277998447418213, 1.0344929695129395, 1.0262188911437988, 1.0267770290374756, 1.0248057842254639, 1.0254149436950684, 1.024204969406128, 1.027170181274414, 1.0241570472717285, 1.0253551006317139, 1.0379059314727783, 1.0327091217041016, 1.0341391563415527, 1.0299289226531982, 1.0298340320587158, 1.0281248092651367, 1.027951955795288, 1.0269889831542969, 1.0262141227722168, 1.0285069942474365, 1.0244779586791992, 1.0316519737243652, 1.0333421230316162, 1.0484390258789062, 1.0322110652923584, 1.0288670063018799, 1.0290858745574951, 1.0256259441375732, 1.0302221775054932, 1.0286269187927246, 1.049989938735962, 1.032853126525879, 1.0328290462493896, 1.0286979675292969, 1.0359818935394287, 1.0319199562072754, 1.026134967803955, 1.0288958549499512, 1.028106927871704, 1.0266220569610596, 1.0274920463562012, 1.0281801223754883, 1.026766061782837, 1.0268161296844482, 1.0267188549041748, 1.0325548648834229, 1.02885103225708, 1.0384399890899658, 1.0331511497497559, 1.0304961204528809, 1.026865005493164, 1.0254158973693848, 1.0299952030181885, 1.0272119045257568, 1.0317461490631104, 1.0280261039733887, 1.025866985321045, 1.026581048965454, 1.0260260105133057, 1.0426669120788574, 1.0668489933013916, 1.026932954788208, 1.026473045349121, 1.0267798900604248, 1.0349318981170654, 1.027757167816162, 1.0308711528778076, 1.0360040664672852, 1.0250120162963867, 1.028203010559082, 1.033073902130127, 1.0319640636444092, 1.0280160903930664, 1.0279898643493652, 1.027616024017334, 1.0309619903564453, 1.0384202003479004, 1.027116060256958, 1.0304951667785645, 1.0261847972869873, 1.036038875579834, 1.029879093170166, 1.0307729244232178, 1.031649112701416, 1.0318269729614258, 1.0330171585083008, 1.0355520248413086, 1.0309319496154785, 1.0277929306030273, 1.034825086593628, 1.0273189544677734, 1.0303869247436523]