 lat : 32.0 ;long : 42.0; ;alpha : 8.369805327269022
 
 Min number of satellites : 20.0;
 Rate minValue (%) : 100.0;
 MeanValue : 20.0;
 MeanTime : 44.876413106918335;
 StoreResult : [20.0];
 StoreTime : [44.876413106918335]