 lat : 32.0 ;long : 42.0; ;alpha : 50.814148004477914
 
 Min number of satellites : 5.0;
 Rate minValue (%) : 38.0;
 MeanValue : 5.63;
 MeanTime : 1.099667525291443;
 StoreResult : [5.0, 6.0, 6.0, 5.0, 5.0, 5.0, 6.0, 5.0, 6.0, 6.0, 6.0, 5.0, 6.0, 5.0, 6.0, 6.0, 5.0, 6.0, 6.0, 6.0, 6.0, 5.0, 5.0, 6.0, 5.0, 7.0, 6.0, 6.0, 5.0, 5.0, 6.0, 6.0, 6.0, 6.0, 6.0, 6.0, 6.0, 5.0, 5.0, 5.0, 5.0, 6.0, 6.0, 6.0, 6.0, 6.0, 5.0, 6.0, 6.0, 6.0, 6.0, 6.0, 5.0, 5.0, 6.0, 6.0, 6.0, 6.0, 6.0, 5.0, 6.0, 6.0, 6.0, 5.0, 6.0, 5.0, 5.0, 5.0, 5.0, 6.0, 5.0, 6.0, 6.0, 6.0, 6.0, 6.0, 5.0, 6.0, 5.0, 5.0, 5.0, 6.0, 6.0, 5.0, 6.0, 5.0, 6.0, 6.0, 5.0, 6.0, 5.0, 5.0, 6.0, 6.0, 5.0, 5.0, 6.0, 6.0, 6.0, 6.0];
 StoreTime : [1.1019198894500732, 1.125007152557373, 1.1087098121643066, 1.087273120880127, 1.102264165878296, 1.1541638374328613, 1.0932559967041016, 1.1132309436798096, 1.0984511375427246, 1.1317219734191895, 1.0985429286956787, 1.088714838027954, 1.099348783493042, 1.127197027206421, 1.080582857131958, 1.0837109088897705, 1.0948970317840576, 1.091987133026123, 1.1016590595245361, 1.0974030494689941, 1.1068298816680908, 1.0856990814208984, 1.1137990951538086, 1.0961661338806152, 1.0837368965148926, 1.1191749572753906, 1.1029078960418701, 1.0822091102600098, 1.0876941680908203, 1.0940461158752441, 1.0789308547973633, 1.0929129123687744, 1.1065940856933594, 1.086709976196289, 1.0928270816802979, 1.1159281730651855, 1.1374351978302002, 1.0816619396209717, 1.0908269882202148, 1.092061996459961, 1.0912280082702637, 1.0772759914398193, 1.085961103439331, 1.0927047729492188, 1.0912649631500244, 1.0970590114593506, 1.09364914894104, 1.0958070755004883, 1.0846431255340576, 1.0923049449920654, 1.086850881576538, 1.0858049392700195, 1.1075232028961182, 1.09586501121521, 1.1005229949951172, 1.1004819869995117, 1.1910219192504883, 1.0983071327209473, 1.0898220539093018, 1.0849189758300781, 1.0940139293670654, 1.0856010913848877, 1.0921530723571777, 1.0902459621429443, 1.088559865951538, 1.0995488166809082, 1.0998599529266357, 1.095768928527832, 1.1239378452301025, 1.1349310874938965, 1.0893158912658691, 1.0901269912719727, 1.0890679359436035, 1.0848979949951172, 1.1365318298339844, 1.0923337936401367, 1.0936877727508545, 1.1060209274291992, 1.0926899909973145, 1.075575828552246, 1.1027069091796875, 1.1376540660858154, 1.118285894393921, 1.1363959312438965, 1.1219260692596436, 1.082360029220581, 1.1046900749206543, 1.0860569477081299, 1.0974690914154053, 1.0944080352783203, 1.0908620357513428, 1.0885779857635498, 1.1063168048858643, 1.09452486038208, 1.1132891178131104, 1.0814578533172607, 1.1160728931427002, 1.0858550071716309, 1.093189001083374, 1.0885729789733887]