 lat : 32.0 ;long : 42.0; ;alpha : 8.369805327269022
 
 Min number of satellites : 18.0;
 Rate minValue (%) : 100.0;
 MeanValue : 18.0;
 MeanTime : 2.739854097366333;
 StoreResult : [18.0];
 StoreTime : [2.739854097366333]