 lat : 32.0 ;long : 42.0; ;alpha : 50.814148004477914
 
 Min number of satellites : 3.0;
 Rate minValue (%) : 7.0;
 MeanValue : 4.22;
 MeanTime : 1.9143784022331238;
 StoreResult : [4.0, 4.0, 4.0, 4.0, 4.0, 4.0, 4.0, 4.0, 5.0, 4.0, 4.0, 5.0, 4.0, 4.0, 4.0, 4.0, 4.0, 4.0, 4.0, 3.0, 4.0, 3.0, 5.0, 4.0, 5.0, 5.0, 4.0, 5.0, 4.0, 4.0, 4.0, 5.0, 5.0, 4.0, 4.0, 5.0, 5.0, 4.0, 4.0, 5.0, 4.0, 5.0, 4.0, 4.0, 4.0, 4.0, 4.0, 4.0, 3.0, 4.0, 4.0, 4.0, 5.0, 4.0, 4.0, 4.0, 4.0, 5.0, 5.0, 4.0, 5.0, 5.0, 4.0, 3.0, 4.0, 5.0, 5.0, 4.0, 5.0, 5.0, 4.0, 4.0, 4.0, 4.0, 4.0, 4.0, 4.0, 4.0, 5.0, 4.0, 5.0, 5.0, 5.0, 4.0, 4.0, 4.0, 5.0, 4.0, 5.0, 4.0, 3.0, 3.0, 5.0, 4.0, 4.0, 3.0, 4.0, 4.0, 4.0, 5.0];
 StoreTime : [1.9363033771514893, 1.929565668106079, 1.9062151908874512, 1.8697316646575928, 1.93009614944458, 1.8767263889312744, 1.9096629619598389, 1.8813822269439697, 1.8733549118041992, 1.889960527420044, 1.9151215553283691, 1.9825446605682373, 1.9658575057983398, 1.9279558658599854, 1.9189434051513672, 1.8944005966186523, 1.9456110000610352, 1.922267198562622, 1.985654592514038, 1.9730236530303955, 1.8735778331756592, 1.9124727249145508, 1.9648411273956299, 1.9179973602294922, 1.9723000526428223, 1.9164133071899414, 2.0102458000183105, 1.8660292625427246, 1.9048256874084473, 1.963005781173706, 1.9078772068023682, 1.9489777088165283, 1.8658804893493652, 1.9061365127563477, 1.8943543434143066, 1.9153211116790771, 1.8759536743164062, 1.9370322227478027, 1.8824336528778076, 1.9168875217437744, 1.9612464904785156, 1.9103062152862549, 1.83408522605896, 1.9352388381958008, 1.966536283493042, 1.859968662261963, 1.9282019138336182, 1.9021120071411133, 1.9171786308288574, 1.9185969829559326, 1.904040813446045, 1.8914768695831299, 1.9251646995544434, 1.90861177444458, 1.9039361476898193, 1.9060823917388916, 1.9250640869140625, 1.9063835144042969, 1.8586170673370361, 1.8927702903747559, 1.901167869567871, 1.9650681018829346, 1.919590711593628, 1.885838508605957, 1.9052209854125977, 1.8688697814941406, 1.9216163158416748, 1.8681392669677734, 1.892181634902954, 1.8873670101165771, 1.9327163696289062, 1.8738131523132324, 1.8436079025268555, 1.9182195663452148, 1.9206719398498535, 1.8262295722961426, 1.9346842765808105, 1.9274015426635742, 1.8666737079620361, 1.940805196762085, 1.9252657890319824, 1.9052283763885498, 1.9291861057281494, 1.8756895065307617, 1.9485933780670166, 1.9192900657653809, 1.933269739151001, 1.918255090713501, 1.9049136638641357, 1.9654796123504639, 1.8588852882385254, 1.9399311542510986, 1.9675843715667725, 1.9672937393188477, 1.9266462326049805, 1.8972647190093994, 1.9493889808654785, 1.9152393341064453, 1.9051413536071777, 1.9428489208221436]