 lat : 32.0 ;long : 42.0; ;alpha : 50.814148004477914
 
 Min number of satellites : 6.0;
 Rate minValue (%) : 8.0;
 MeanValue : 7.09;
 MeanTime : 1.2508170294761658;
 StoreResult : [7.0, 7.0, 7.0, 7.0, 7.0, 7.0, 7.0, 7.0, 7.0, 7.0, 7.0, 8.0, 7.0, 7.0, 7.0, 7.0, 7.0, 7.0, 6.0, 7.0, 7.0, 7.0, 6.0, 7.0, 7.0, 7.0, 6.0, 7.0, 7.0, 7.0, 8.0, 8.0, 7.0, 7.0, 7.0, 7.0, 7.0, 7.0, 8.0, 7.0, 8.0, 7.0, 6.0, 8.0, 7.0, 7.0, 7.0, 7.0, 7.0, 7.0, 8.0, 7.0, 7.0, 7.0, 7.0, 7.0, 7.0, 8.0, 7.0, 6.0, 8.0, 8.0, 7.0, 7.0, 7.0, 7.0, 7.0, 7.0, 7.0, 7.0, 9.0, 7.0, 6.0, 7.0, 7.0, 8.0, 7.0, 8.0, 7.0, 7.0, 7.0, 6.0, 7.0, 8.0, 7.0, 8.0, 7.0, 7.0, 7.0, 7.0, 7.0, 7.0, 7.0, 8.0, 6.0, 7.0, 7.0, 7.0, 7.0, 7.0];
 StoreTime : [1.2602434158325195, 1.1896021366119385, 1.2505145072937012, 1.230440616607666, 1.2682840824127197, 1.2705907821655273, 1.2034649848937988, 1.2397925853729248, 1.2104146480560303, 1.225255012512207, 1.2513351440429688, 1.2600798606872559, 1.4054114818572998, 1.1947977542877197, 1.21518874168396, 1.2329661846160889, 1.2139081954956055, 1.2470216751098633, 1.1946017742156982, 1.1816294193267822, 1.2824740409851074, 1.1893625259399414, 1.1973748207092285, 1.3018131256103516, 1.2057006359100342, 1.222470760345459, 1.1872410774230957, 1.228121042251587, 1.303196907043457, 1.224916934967041, 1.3008456230163574, 1.216623306274414, 1.2348716259002686, 1.253434181213379, 1.1869468688964844, 1.2722368240356445, 1.2341585159301758, 1.2373723983764648, 1.2668852806091309, 1.200695514678955, 1.2334027290344238, 1.2313644886016846, 1.2305052280426025, 1.206150770187378, 1.1533551216125488, 1.2033793926239014, 1.171462059020996, 1.234504222869873, 1.1891565322875977, 1.20609712600708, 1.3612804412841797, 1.2155404090881348, 1.2486488819122314, 1.174802303314209, 1.256910800933838, 1.2465193271636963, 1.2682034969329834, 1.2670972347259521, 1.2251331806182861, 1.2281174659729004, 1.3014206886291504, 1.3144946098327637, 1.2560224533081055, 1.2120568752288818, 1.2085239887237549, 1.2187366485595703, 1.2182371616363525, 1.2043027877807617, 1.3589191436767578, 1.2312276363372803, 1.266157865524292, 1.3007092475891113, 1.1516749858856201, 1.2666661739349365, 1.2014751434326172, 1.2969284057617188, 1.5752201080322266, 1.2560181617736816, 1.3226165771484375, 1.2813684940338135, 1.2291276454925537, 1.3107659816741943, 1.2233424186706543, 1.267296314239502, 1.2182197570800781, 1.350844144821167, 1.2345027923583984, 1.3107235431671143, 1.2529399394989014, 1.3218655586242676, 1.3019795417785645, 1.2447445392608643, 1.3070104122161865, 1.345717430114746, 1.2646636962890625, 1.3070287704467773, 1.3102130889892578, 1.225484848022461, 1.3012793064117432, 1.2672598361968994]