 lat : 32.0 ;long : 42.0; ;alpha : 50.814148004477914
 
 Min number of satellites : 6.0;
 Rate minValue (%) : 16.0;
 MeanValue : 6.97;
 MeanTime : 3.3750773429870606;
 StoreResult : [6.0, 7.0, 7.0, 8.0, 7.0, 7.0, 7.0, 6.0, 6.0, 7.0, 7.0, 7.0, 7.0, 6.0, 8.0, 7.0, 7.0, 7.0, 7.0, 7.0, 7.0, 7.0, 7.0, 7.0, 7.0, 6.0, 7.0, 7.0, 7.0, 7.0, 8.0, 8.0, 7.0, 7.0, 6.0, 7.0, 7.0, 7.0, 8.0, 6.0, 7.0, 7.0, 7.0, 7.0, 7.0, 7.0, 7.0, 7.0, 7.0, 7.0, 6.0, 7.0, 7.0, 7.0, 6.0, 7.0, 7.0, 7.0, 6.0, 7.0, 7.0, 7.0, 8.0, 7.0, 8.0, 6.0, 6.0, 7.0, 6.0, 7.0, 7.0, 7.0, 7.0, 7.0, 7.0, 6.0, 7.0, 7.0, 7.0, 7.0, 7.0, 7.0, 8.0, 7.0, 7.0, 7.0, 7.0, 7.0, 8.0, 6.0, 8.0, 8.0, 7.0, 7.0, 7.0, 8.0, 7.0, 8.0, 6.0, 7.0];
 StoreTime : [3.357269525527954, 3.216137170791626, 3.1141531467437744, 3.188918113708496, 3.6365158557891846, 3.1902194023132324, 3.294692277908325, 3.288231134414673, 3.2542762756347656, 3.180785894393921, 3.5125937461853027, 3.342247724533081, 3.188577651977539, 3.1901917457580566, 3.4782960414886475, 3.4596714973449707, 3.1974220275878906, 3.059213161468506, 3.246523857116699, 3.2548270225524902, 3.217710256576538, 3.3841309547424316, 3.3425891399383545, 3.302544355392456, 3.23885440826416, 3.287487268447876, 3.264488935470581, 3.2607812881469727, 3.2525458335876465, 3.3336730003356934, 3.688359022140503, 3.602360248565674, 3.2961816787719727, 3.284496307373047, 3.1834099292755127, 3.3699402809143066, 3.4996585845947266, 3.314301013946533, 3.6576573848724365, 3.285858392715454, 3.5791051387786865, 3.2297921180725098, 3.6001152992248535, 3.6415581703186035, 3.3284270763397217, 3.4273548126220703, 3.6143317222595215, 3.2551753520965576, 3.244567394256592, 3.407442569732666, 3.388334274291992, 3.39060640335083, 3.4083445072174072, 3.4711196422576904, 3.3629136085510254, 3.278435707092285, 3.325061798095703, 3.224595069885254, 3.6575441360473633, 3.234375, 3.5945870876312256, 3.4669463634490967, 3.29542875289917, 3.2920098304748535, 3.672433614730835, 3.2027828693389893, 3.302672863006592, 3.4545342922210693, 3.3153738975524902, 3.341813325881958, 3.321934700012207, 3.400146722793579, 3.2634692192077637, 3.537825107574463, 3.332745313644409, 3.0772035121917725, 3.295332670211792, 3.2322003841400146, 3.464242935180664, 3.2089083194732666, 3.3310811519622803, 3.7795522212982178, 3.6164846420288086, 3.2554433345794678, 3.419741153717041, 3.5141594409942627, 3.4093151092529297, 3.365260362625122, 3.568255662918091, 3.2815494537353516, 3.598115921020508, 3.7514278888702393, 3.339560031890869, 3.4993486404418945, 3.4460339546203613, 3.736677646636963, 3.5379648208618164, 3.4967544078826904, 3.2820558547973633, 3.4193694591522217]