 lat : 32.0 ;long : 42.0; ;alpha : 50.814148004477914
 
 Min number of satellites : 6.0;
 Rate minValue (%) : 2.0;
 MeanValue : 7.59;
 MeanTime : 1.1971068429946898;
 StoreResult : [8.0, 7.0, 7.0, 7.0, 7.0, 8.0, 8.0, 7.0, 7.0, 7.0, 7.0, 8.0, 8.0, 7.0, 8.0, 8.0, 8.0, 8.0, 8.0, 7.0, 7.0, 8.0, 7.0, 8.0, 8.0, 7.0, 6.0, 7.0, 7.0, 7.0, 8.0, 8.0, 7.0, 7.0, 7.0, 7.0, 8.0, 8.0, 8.0, 7.0, 9.0, 8.0, 6.0, 8.0, 7.0, 8.0, 8.0, 8.0, 8.0, 8.0, 9.0, 8.0, 7.0, 7.0, 7.0, 7.0, 8.0, 8.0, 7.0, 7.0, 8.0, 9.0, 7.0, 8.0, 8.0, 8.0, 8.0, 7.0, 7.0, 8.0, 9.0, 7.0, 8.0, 7.0, 7.0, 8.0, 8.0, 9.0, 7.0, 8.0, 8.0, 7.0, 8.0, 8.0, 8.0, 9.0, 8.0, 7.0, 8.0, 8.0, 7.0, 7.0, 7.0, 8.0, 7.0, 8.0, 8.0, 7.0, 7.0, 8.0];
 StoreTime : [1.2392950057983398, 1.243772029876709, 1.1391959190368652, 1.1422679424285889, 1.1431879997253418, 1.2200870513916016, 1.2152249813079834, 1.1456570625305176, 1.1355359554290771, 1.1455178260803223, 1.1991100311279297, 1.229205846786499, 1.2029590606689453, 1.148864984512329, 1.225121021270752, 1.2102680206298828, 1.186100959777832, 1.2053191661834717, 1.268622875213623, 1.166593074798584, 1.151365041732788, 1.1365270614624023, 1.1528911590576172, 1.1984920501708984, 1.1834568977355957, 1.1947240829467773, 1.2100329399108887, 1.223128080368042, 1.1674079895019531, 1.1692168712615967, 1.151926040649414, 1.148803949356079, 1.213655948638916, 1.1645021438598633, 1.1676819324493408, 1.1915130615234375, 1.2553491592407227, 1.2321460247039795, 1.1958551406860352, 1.1941471099853516, 1.2313618659973145, 1.2272958755493164, 1.2042949199676514, 1.1730878353118896, 1.1504950523376465, 1.2182130813598633, 1.1997201442718506, 1.280885934829712, 1.1829428672790527, 1.202800989151001, 1.2479040622711182, 1.230639934539795, 1.1253478527069092, 1.177860975265503, 1.1501269340515137, 1.316756010055542, 1.228088140487671, 1.3937580585479736, 1.1596240997314453, 1.170868158340454, 1.2402031421661377, 1.276050090789795, 1.1652679443359375, 1.2359380722045898, 1.1954479217529297, 1.1605989933013916, 1.1678531169891357, 1.164783000946045, 1.1556692123413086, 1.2632288932800293, 1.1960299015045166, 1.1466190814971924, 1.1944901943206787, 1.133903980255127, 1.2489027976989746, 1.1984748840332031, 1.2189991474151611, 1.16162109375, 1.1467409133911133, 1.187323808670044, 1.161086082458496, 1.1781439781188965, 1.1889050006866455, 1.2159271240234375, 1.2045090198516846, 1.2261958122253418, 1.245635986328125, 1.2832129001617432, 1.263472080230713, 1.1742370128631592, 1.2164599895477295, 1.1648409366607666, 1.1879560947418213, 1.1754200458526611, 1.1781978607177734, 1.2632968425750732, 1.2353630065917969, 1.1672630310058594, 1.1354069709777832, 1.2002060413360596]