 lat : 32.0 ;long : 42.0; ;alpha : 50.814148004477914
 
 Min number of satellites : 5.0;
 Rate minValue (%) : 72.0;
 MeanValue : 5.28;
 MeanTime : 1.15807231426239;
 StoreResult : [5.0, 5.0, 6.0, 6.0, 5.0, 5.0, 5.0, 5.0, 5.0, 6.0, 6.0, 5.0, 6.0, 5.0, 6.0, 5.0, 5.0, 5.0, 6.0, 5.0, 5.0, 5.0, 5.0, 5.0, 5.0, 6.0, 5.0, 6.0, 5.0, 5.0, 6.0, 6.0, 5.0, 5.0, 6.0, 5.0, 5.0, 5.0, 5.0, 5.0, 5.0, 6.0, 6.0, 6.0, 5.0, 5.0, 5.0, 5.0, 5.0, 5.0, 5.0, 5.0, 5.0, 5.0, 5.0, 6.0, 6.0, 5.0, 6.0, 5.0, 6.0, 5.0, 6.0, 5.0, 6.0, 5.0, 5.0, 5.0, 5.0, 5.0, 5.0, 5.0, 6.0, 5.0, 5.0, 5.0, 6.0, 5.0, 5.0, 5.0, 5.0, 5.0, 5.0, 5.0, 6.0, 5.0, 5.0, 6.0, 5.0, 6.0, 5.0, 5.0, 5.0, 5.0, 5.0, 6.0, 5.0, 5.0, 5.0, 6.0];
 StoreTime : [1.225013256072998, 1.1486303806304932, 1.2178161144256592, 1.2300665378570557, 1.124755859375, 1.1521339416503906, 1.1329841613769531, 1.1388580799102783, 1.150381088256836, 1.2011699676513672, 1.1627378463745117, 1.1397521495819092, 1.1758723258972168, 1.1211695671081543, 1.1370460987091064, 1.2084932327270508, 1.1562919616699219, 1.17411470413208, 1.1338908672332764, 1.1375281810760498, 1.1324176788330078, 1.1341490745544434, 1.2155802249908447, 1.171492338180542, 1.2023100852966309, 1.1309685707092285, 1.1501343250274658, 1.1424431800842285, 1.1590383052825928, 1.132401943206787, 1.172851800918579, 1.1383380889892578, 1.2442786693572998, 1.1245288848876953, 1.1364021301269531, 1.1274807453155518, 1.1437344551086426, 1.1223621368408203, 1.109424114227295, 1.120293378829956, 1.1135191917419434, 1.1682608127593994, 1.1627633571624756, 1.1414175033569336, 1.1412184238433838, 1.1763312816619873, 1.1488847732543945, 1.1876022815704346, 1.1271898746490479, 1.1353816986083984, 1.2101588249206543, 1.1237609386444092, 1.243877649307251, 1.1910250186920166, 1.177922248840332, 1.1634340286254883, 1.133063793182373, 1.133018970489502, 1.140821933746338, 1.2134332656860352, 1.1929409503936768, 1.182710886001587, 1.1436467170715332, 1.1544466018676758, 1.170647382736206, 1.2145235538482666, 1.1354484558105469, 1.135195255279541, 1.1829941272735596, 1.1514670848846436, 1.1388790607452393, 1.132261037826538, 1.1886789798736572, 1.149975299835205, 1.1814234256744385, 1.1274375915527344, 1.2120263576507568, 1.1398663520812988, 1.127434253692627, 1.1483368873596191, 1.1300122737884521, 1.1270174980163574, 1.1312341690063477, 1.1370117664337158, 1.166959524154663, 1.2079839706420898, 1.1371338367462158, 1.183133602142334, 1.1666333675384521, 1.1701226234436035, 1.1235105991363525, 1.1306116580963135, 1.1357033252716064, 1.1577215194702148, 1.1758084297180176, 1.1985368728637695, 1.1501691341400146, 1.1952009201049805, 1.1401252746582031, 1.1198384761810303]