 lat : 32.0 ;long : 42.0; ;alpha : 50.814148004477914
 
 Min number of satellites : 4.0;
 Rate minValue (%) : 1.0;
 MeanValue : 5.49;
 MeanTime : 2.7096281838417053;
 StoreResult : [5.0, 5.0, 6.0, 5.0, 6.0, 6.0, 6.0, 5.0, 5.0, 5.0, 6.0, 5.0, 6.0, 6.0, 5.0, 6.0, 6.0, 5.0, 6.0, 5.0, 5.0, 6.0, 5.0, 6.0, 6.0, 5.0, 5.0, 5.0, 5.0, 6.0, 6.0, 5.0, 5.0, 5.0, 6.0, 6.0, 6.0, 6.0, 5.0, 5.0, 5.0, 6.0, 6.0, 5.0, 5.0, 5.0, 6.0, 6.0, 5.0, 6.0, 5.0, 6.0, 6.0, 5.0, 5.0, 6.0, 5.0, 6.0, 5.0, 6.0, 6.0, 6.0, 5.0, 6.0, 6.0, 5.0, 5.0, 5.0, 6.0, 5.0, 5.0, 5.0, 5.0, 6.0, 5.0, 6.0, 6.0, 6.0, 5.0, 5.0, 4.0, 6.0, 6.0, 6.0, 5.0, 6.0, 6.0, 5.0, 5.0, 5.0, 7.0, 6.0, 5.0, 5.0, 5.0, 6.0, 6.0, 6.0, 6.0, 5.0];
 StoreTime : [2.6655704975128174, 2.7151806354522705, 2.6156680583953857, 2.6724250316619873, 2.6266016960144043, 2.726308584213257, 2.6603174209594727, 2.640866994857788, 2.6953444480895996, 2.8095405101776123, 2.7393510341644287, 2.650116443634033, 2.634188413619995, 2.762148141860962, 2.7600533962249756, 2.7717697620391846, 2.703193426132202, 2.6442267894744873, 2.7178661823272705, 2.6755385398864746, 2.680100202560425, 2.5818567276000977, 2.5839920043945312, 2.5262906551361084, 2.580787181854248, 2.5148873329162598, 2.9008848667144775, 2.699981927871704, 2.6858248710632324, 2.7978475093841553, 2.8746049404144287, 2.77896785736084, 2.85288667678833, 2.659229278564453, 2.6604721546173096, 2.6564559936523438, 2.635683298110962, 2.805757999420166, 2.712881565093994, 2.7407493591308594, 2.7304255962371826, 2.7486116886138916, 2.684502124786377, 2.620671033859253, 2.7100179195404053, 2.635496139526367, 2.774388313293457, 2.6290550231933594, 2.7314321994781494, 2.766787052154541, 2.7385497093200684, 2.5845229625701904, 2.8260953426361084, 2.7439799308776855, 2.7602152824401855, 2.7498486042022705, 2.720127582550049, 2.608459711074829, 2.7135207653045654, 2.658820629119873, 2.6749298572540283, 2.7666592597961426, 2.720665216445923, 2.6861205101013184, 2.831406593322754, 2.7483627796173096, 2.774355173110962, 2.7166433334350586, 2.7442781925201416, 2.76821231842041, 2.755336284637451, 2.734548330307007, 2.72687029838562, 2.8387184143066406, 2.6644718647003174, 2.7215263843536377, 2.6447293758392334, 2.612738847732544, 2.689298391342163, 2.6764070987701416, 2.73421311378479, 2.7540810108184814, 2.779052495956421, 2.6570000648498535, 2.674243450164795, 2.7542357444763184, 2.700676441192627, 2.7243764400482178, 2.6585586071014404, 2.7444145679473877, 2.8093130588531494, 2.710956335067749, 2.6398069858551025, 2.8374221324920654, 2.7417819499969482, 2.764198064804077, 2.68863582611084, 2.7932260036468506, 2.7001755237579346, 2.648226022720337]