 lat : 32.0 ;long : 42.0; ;alpha : 8.369805327269022
 
 Min number of satellites : 22.0;
 Rate minValue (%) : 100.0;
 MeanValue : 22.0;
 MeanTime : 2.990515947341919;
 StoreResult : [22.0];
 StoreTime : [2.990515947341919]