 lat : 32.0 ;long : 42.0; ;alpha : 50.814148004477914
 
 Min number of satellites : 4.0;
 Rate minValue (%) : 69.0;
 MeanValue : 4.31;
 MeanTime : 1.1620835089683532;
 StoreResult : [5.0, 4.0, 4.0, 4.0, 4.0, 4.0, 5.0, 4.0, 4.0, 4.0, 4.0, 4.0, 4.0, 4.0, 5.0, 4.0, 4.0, 5.0, 4.0, 5.0, 4.0, 4.0, 5.0, 5.0, 4.0, 4.0, 4.0, 5.0, 5.0, 4.0, 4.0, 4.0, 4.0, 5.0, 5.0, 5.0, 4.0, 5.0, 4.0, 4.0, 4.0, 4.0, 4.0, 4.0, 4.0, 4.0, 4.0, 5.0, 5.0, 4.0, 5.0, 4.0, 4.0, 4.0, 4.0, 5.0, 4.0, 5.0, 4.0, 4.0, 4.0, 4.0, 4.0, 4.0, 5.0, 5.0, 5.0, 4.0, 4.0, 5.0, 4.0, 5.0, 5.0, 4.0, 4.0, 5.0, 5.0, 5.0, 4.0, 5.0, 4.0, 4.0, 4.0, 4.0, 4.0, 5.0, 5.0, 4.0, 4.0, 4.0, 4.0, 4.0, 5.0, 4.0, 4.0, 4.0, 4.0, 4.0, 4.0, 4.0];
 StoreTime : [1.1539499759674072, 1.1349358558654785, 1.2633910179138184, 1.1723809242248535, 1.1509218215942383, 1.1333560943603516, 1.2005951404571533, 1.1561031341552734, 1.1415538787841797, 1.1251590251922607, 1.1539459228515625, 1.1270511150360107, 1.145988941192627, 1.1602809429168701, 1.1888270378112793, 1.1507480144500732, 1.1473281383514404, 1.1372129917144775, 1.1369550228118896, 1.1658899784088135, 1.1407451629638672, 1.1413090229034424, 1.1741039752960205, 1.19974684715271, 1.1303789615631104, 1.1427888870239258, 1.1648168563842773, 1.1695120334625244, 1.1604690551757812, 1.1374900341033936, 1.1595280170440674, 1.1899850368499756, 1.1615028381347656, 1.1705269813537598, 1.1233980655670166, 1.141942024230957, 1.1418068408966064, 1.1391360759735107, 1.1217660903930664, 1.1498079299926758, 1.165320873260498, 1.1750428676605225, 1.1682357788085938, 1.1363999843597412, 1.2405190467834473, 1.1466209888458252, 1.1419999599456787, 1.209439992904663, 1.2113468647003174, 1.1210880279541016, 1.1453821659088135, 1.1640939712524414, 1.1613190174102783, 1.1675550937652588, 1.1262059211730957, 1.113765001296997, 1.12357497215271, 1.1246819496154785, 1.1145458221435547, 1.1500589847564697, 1.1248888969421387, 1.1974270343780518, 1.2075741291046143, 1.229456901550293, 1.1805109977722168, 1.1231679916381836, 1.1692020893096924, 1.136720895767212, 1.173887014389038, 1.1581189632415771, 1.1617529392242432, 1.2089781761169434, 1.1549890041351318, 1.1718628406524658, 1.182724952697754, 1.229093074798584, 1.150404930114746, 1.1378679275512695, 1.154529094696045, 1.1734671592712402, 1.1623449325561523, 1.1486451625823975, 1.1615469455718994, 1.1587469577789307, 1.1866569519042969, 1.1849980354309082, 1.1552650928497314, 1.1649670600891113, 1.2538001537322998, 1.1667680740356445, 1.1438498497009277, 1.1392078399658203, 1.2101249694824219, 1.1637699604034424, 1.2135601043701172, 1.1694998741149902, 1.1395959854125977, 1.1697998046875, 1.1920700073242188, 1.1819751262664795]