 lat : 32.0 ;long : 42.0; ;alpha : 50.814148004477914
 
 Min number of satellites : 2.0;
 Rate minValue (%) : 5.0;
 MeanValue : 3.11;
 MeanTime : 1.0241038084030152;
 StoreResult : [3.0, 4.0, 3.0, 4.0, 3.0, 4.0, 3.0, 3.0, 3.0, 3.0, 3.0, 3.0, 3.0, 4.0, 3.0, 3.0, 3.0, 3.0, 3.0, 3.0, 3.0, 3.0, 3.0, 3.0, 3.0, 4.0, 3.0, 3.0, 3.0, 3.0, 3.0, 3.0, 4.0, 3.0, 3.0, 4.0, 3.0, 3.0, 4.0, 3.0, 3.0, 3.0, 3.0, 3.0, 3.0, 3.0, 3.0, 3.0, 3.0, 3.0, 3.0, 4.0, 3.0, 2.0, 3.0, 3.0, 3.0, 3.0, 3.0, 3.0, 4.0, 3.0, 3.0, 3.0, 2.0, 3.0, 3.0, 3.0, 3.0, 2.0, 4.0, 3.0, 3.0, 3.0, 3.0, 3.0, 4.0, 4.0, 3.0, 3.0, 3.0, 3.0, 4.0, 3.0, 3.0, 4.0, 3.0, 4.0, 3.0, 3.0, 3.0, 3.0, 2.0, 3.0, 3.0, 3.0, 3.0, 2.0, 3.0, 3.0];
 StoreTime : [1.022218942642212, 1.024238109588623, 1.0234179496765137, 1.0251550674438477, 1.0211219787597656, 1.0219039916992188, 1.0232691764831543, 1.0261921882629395, 1.0223419666290283, 1.023742914199829, 1.0257937908172607, 1.023514986038208, 1.0229458808898926, 1.0216760635375977, 1.0241639614105225, 1.0215320587158203, 1.0209569931030273, 1.0289108753204346, 1.0207569599151611, 1.0233030319213867, 1.0236690044403076, 1.0233612060546875, 1.0269269943237305, 1.0254709720611572, 1.0225410461425781, 1.0215950012207031, 1.02217698097229, 1.0223109722137451, 1.021003007888794, 1.024522066116333, 1.0217950344085693, 1.0229458808898926, 1.0243899822235107, 1.0254871845245361, 1.0249919891357422, 1.0358760356903076, 1.0245909690856934, 1.0215799808502197, 1.0236010551452637, 1.0255348682403564, 1.0236120223999023, 1.0226569175720215, 1.020291805267334, 1.0216021537780762, 1.024406909942627, 1.0208978652954102, 1.028062105178833, 1.02423095703125, 1.0237219333648682, 1.0247840881347656, 1.0234959125518799, 1.0228500366210938, 1.0308189392089844, 1.0255022048950195, 1.0224201679229736, 1.029081106185913, 1.0215399265289307, 1.024416208267212, 1.0218040943145752, 1.0237770080566406, 1.0362069606781006, 1.0282940864562988, 1.0242679119110107, 1.0241289138793945, 1.0210530757904053, 1.0225329399108887, 1.0292158126831055, 1.0299618244171143, 1.0279080867767334, 1.0190839767456055, 1.024303913116455, 1.0208561420440674, 1.024519920349121, 1.0201239585876465, 1.024244785308838, 1.021916151046753, 1.0220508575439453, 1.0243241786956787, 1.021622896194458, 1.0251929759979248, 1.0240211486816406, 1.0235519409179688, 1.024312973022461, 1.0280098915100098, 1.0233559608459473, 1.0256969928741455, 1.0231690406799316, 1.0247740745544434, 1.0225701332092285, 1.0225589275360107, 1.0242440700531006, 1.0212719440460205, 1.0235028266906738, 1.0355958938598633, 1.0276789665222168, 1.0262861251831055, 1.024610996246338, 1.019623041152954, 1.0207970142364502, 1.021440029144287]