 lat : 32.0 ;long : 42.0; ;alpha : 50.814148004477914
 
 Min number of satellites : 3.0;
 Rate minValue (%) : 39.0;
 MeanValue : 3.63;
 MeanTime : 1.0584117579460144;
 StoreResult : [4.0, 3.0, 4.0, 3.0, 3.0, 3.0, 3.0, 3.0, 3.0, 4.0, 4.0, 4.0, 3.0, 4.0, 3.0, 4.0, 3.0, 4.0, 4.0, 3.0, 4.0, 3.0, 4.0, 3.0, 4.0, 4.0, 4.0, 3.0, 3.0, 4.0, 4.0, 3.0, 3.0, 3.0, 3.0, 3.0, 3.0, 3.0, 4.0, 4.0, 4.0, 4.0, 4.0, 4.0, 4.0, 3.0, 4.0, 5.0, 4.0, 4.0, 4.0, 4.0, 4.0, 4.0, 4.0, 4.0, 4.0, 4.0, 3.0, 5.0, 3.0, 4.0, 4.0, 3.0, 4.0, 4.0, 3.0, 4.0, 3.0, 4.0, 4.0, 4.0, 4.0, 3.0, 4.0, 4.0, 3.0, 3.0, 4.0, 3.0, 3.0, 4.0, 4.0, 3.0, 4.0, 3.0, 4.0, 4.0, 4.0, 4.0, 3.0, 4.0, 4.0, 3.0, 4.0, 3.0, 3.0, 4.0, 4.0, 4.0];
 StoreTime : [1.0534498691558838, 1.052821159362793, 1.051469087600708, 1.0516529083251953, 1.0494580268859863, 1.0504660606384277, 1.057697057723999, 1.0488131046295166, 1.0514850616455078, 1.0554659366607666, 1.0558850765228271, 1.0535359382629395, 1.05446195602417, 1.053001880645752, 1.050232172012329, 1.0483860969543457, 1.0537340641021729, 1.0549490451812744, 1.0528130531311035, 1.050218105316162, 1.0734758377075195, 1.057873010635376, 1.0511620044708252, 1.0510740280151367, 1.0513219833374023, 1.060478925704956, 1.0570268630981445, 1.0615098476409912, 1.0655560493469238, 1.054023027420044, 1.0596070289611816, 1.061068058013916, 1.0553441047668457, 1.0591731071472168, 1.0510308742523193, 1.0639941692352295, 1.0506179332733154, 1.0508160591125488, 1.0661280155181885, 1.0573480129241943, 1.062675952911377, 1.0678482055664062, 1.118196964263916, 1.0527369976043701, 1.0657238960266113, 1.062413215637207, 1.060472011566162, 1.0747020244598389, 1.0614550113677979, 1.0885798931121826, 1.0580370426177979, 1.0565810203552246, 1.0669000148773193, 1.05873703956604, 1.0546960830688477, 1.0535130500793457, 1.0474941730499268, 1.0539228916168213, 1.0648469924926758, 1.0997540950775146, 1.0498130321502686, 1.0791058540344238, 1.0507919788360596, 1.0592410564422607, 1.061121940612793, 1.0643579959869385, 1.0473649501800537, 1.054663896560669, 1.0607938766479492, 1.0514020919799805, 1.0539169311523438, 1.058664083480835, 1.0586340427398682, 1.0537569522857666, 1.0620439052581787, 1.056427001953125, 1.0617029666900635, 1.0465168952941895, 1.0935230255126953, 1.0584490299224854, 1.047217845916748, 1.0640130043029785, 1.0532338619232178, 1.0578241348266602, 1.0572619438171387, 1.0609500408172607, 1.0581068992614746, 1.0563788414001465, 1.054715871810913, 1.0569632053375244, 1.052004098892212, 1.0534520149230957, 1.0599141120910645, 1.0563240051269531, 1.0494310855865479, 1.0515339374542236, 1.054279088973999, 1.0514421463012695, 1.0627250671386719, 1.063201904296875]