 lat : 32.0 ;long : 42.0; ;alpha : 8.369805327269022
 
 Min number of satellites : 18.0;
 Rate minValue (%) : 100.0;
 MeanValue : 18.0;
 MeanTime : 103.65103602409363;
 StoreResult : [18.0];
 StoreTime : [103.65103602409363]