 lat : 32.0 ;long : 42.0; ;alpha : 50.814148004477914
 
 Min number of satellites : 3.0;
 Rate minValue (%) : 61.0;
 MeanValue : 3.39;
 MeanTime : 2.5689983224868773;
 StoreResult : [3.0, 3.0, 3.0, 4.0, 4.0, 4.0, 3.0, 3.0, 3.0, 4.0, 3.0, 3.0, 3.0, 4.0, 3.0, 3.0, 3.0, 4.0, 3.0, 4.0, 4.0, 3.0, 3.0, 3.0, 4.0, 4.0, 3.0, 4.0, 3.0, 3.0, 4.0, 3.0, 4.0, 3.0, 4.0, 3.0, 3.0, 3.0, 3.0, 4.0, 4.0, 4.0, 3.0, 3.0, 3.0, 4.0, 3.0, 3.0, 4.0, 3.0, 3.0, 3.0, 3.0, 3.0, 3.0, 3.0, 3.0, 4.0, 4.0, 3.0, 3.0, 3.0, 4.0, 3.0, 4.0, 3.0, 4.0, 3.0, 4.0, 3.0, 4.0, 4.0, 4.0, 3.0, 3.0, 3.0, 3.0, 3.0, 3.0, 4.0, 3.0, 4.0, 3.0, 4.0, 4.0, 4.0, 3.0, 4.0, 4.0, 4.0, 3.0, 3.0, 3.0, 4.0, 3.0, 4.0, 3.0, 4.0, 3.0, 3.0];
 StoreTime : [2.622934103012085, 2.6003031730651855, 2.541834592819214, 2.5374703407287598, 2.5082805156707764, 2.5367190837860107, 2.577324151992798, 2.5017693042755127, 2.535172462463379, 2.5290238857269287, 2.5650830268859863, 2.5693857669830322, 2.550849437713623, 2.534318208694458, 2.5117034912109375, 2.545809507369995, 2.533848762512207, 2.577421188354492, 2.4959115982055664, 2.5981192588806152, 2.5918126106262207, 2.58738112449646, 2.5556697845458984, 2.5585365295410156, 2.536792516708374, 2.5883231163024902, 2.5953941345214844, 2.5366158485412598, 2.5167036056518555, 2.5289971828460693, 2.5365614891052246, 2.588944673538208, 2.516714334487915, 2.6272270679473877, 2.5411365032196045, 2.520029067993164, 2.5192737579345703, 2.5247316360473633, 2.531111240386963, 2.538637161254883, 2.5585803985595703, 2.588515281677246, 2.5359268188476562, 2.4630930423736572, 2.5246317386627197, 2.5719187259674072, 2.520432233810425, 2.519904375076294, 2.532956838607788, 2.5652613639831543, 2.483661413192749, 2.5229766368865967, 2.5811948776245117, 2.501314878463745, 2.530277729034424, 2.5262017250061035, 2.5375571250915527, 2.622429370880127, 2.614668846130371, 2.4839375019073486, 2.546065330505371, 2.555213212966919, 2.5620219707489014, 2.5854697227478027, 2.59294056892395, 2.596550941467285, 2.6069982051849365, 2.5077624320983887, 2.584463357925415, 2.553769588470459, 2.622408151626587, 2.540235996246338, 2.6289587020874023, 2.672185182571411, 2.612717628479004, 2.5632975101470947, 2.6356420516967773, 2.722728967666626, 2.6754438877105713, 2.627014636993408, 2.655851364135742, 2.6127071380615234, 2.5388150215148926, 2.6778669357299805, 2.633582592010498, 2.720796823501587, 2.6307032108306885, 2.6114227771759033, 2.614427328109741, 2.552614688873291, 2.5800139904022217, 2.639298915863037, 2.5674026012420654, 2.5609824657440186, 2.6557767391204834, 2.591907262802124, 2.585456132888794, 2.5945122241973877, 2.597306966781616, 2.487182855606079]