 lat : 32.0 ;long : 42.0; ;alpha : 50.814148004477914
 
 Min number of satellites : 3.0;
 Rate minValue (%) : 60.0;
 MeanValue : 3.4;
 MeanTime : 1.1073923993110657;
 StoreResult : [4.0, 3.0, 3.0, 3.0, 3.0, 3.0, 3.0, 3.0, 3.0, 3.0, 3.0, 3.0, 3.0, 4.0, 3.0, 3.0, 3.0, 4.0, 3.0, 3.0, 4.0, 3.0, 4.0, 3.0, 3.0, 4.0, 4.0, 3.0, 3.0, 4.0, 4.0, 3.0, 3.0, 4.0, 3.0, 3.0, 3.0, 4.0, 3.0, 4.0, 3.0, 3.0, 4.0, 4.0, 4.0, 3.0, 3.0, 3.0, 4.0, 4.0, 4.0, 4.0, 3.0, 3.0, 4.0, 3.0, 4.0, 4.0, 3.0, 4.0, 3.0, 4.0, 4.0, 3.0, 4.0, 4.0, 3.0, 4.0, 3.0, 4.0, 3.0, 4.0, 4.0, 3.0, 3.0, 3.0, 3.0, 3.0, 4.0, 3.0, 3.0, 3.0, 4.0, 3.0, 3.0, 3.0, 4.0, 3.0, 4.0, 4.0, 3.0, 4.0, 4.0, 3.0, 4.0, 3.0, 3.0, 4.0, 3.0, 3.0];
 StoreTime : [1.0922532081604004, 1.1446080207824707, 1.1085081100463867, 1.1022968292236328, 1.109278678894043, 1.1241660118103027, 1.0997941493988037, 1.1054205894470215, 1.0972745418548584, 1.1055426597595215, 1.0933051109313965, 1.1161267757415771, 1.0940840244293213, 1.0973045825958252, 1.1208593845367432, 1.1113741397857666, 1.1242849826812744, 1.0776660442352295, 1.1323473453521729, 1.1241066455841064, 1.1164982318878174, 1.1370787620544434, 1.1131665706634521, 1.0850615501403809, 1.0923891067504883, 1.111011028289795, 1.085097312927246, 1.0787885189056396, 1.112898349761963, 1.1108808517456055, 1.084012746810913, 1.102874755859375, 1.097888708114624, 1.1320264339447021, 1.1071770191192627, 1.1151516437530518, 1.1219301223754883, 1.1123876571655273, 1.116015911102295, 1.128080129623413, 1.0767741203308105, 1.1104233264923096, 1.0816073417663574, 1.079716444015503, 1.0759828090667725, 1.0768165588378906, 1.1326820850372314, 1.117784023284912, 1.148733139038086, 1.1209356784820557, 1.1145200729370117, 1.0778815746307373, 1.1315646171569824, 1.0703740119934082, 1.1052289009094238, 1.1076457500457764, 1.0837616920471191, 1.0759551525115967, 1.0792086124420166, 1.111743450164795, 1.105147361755371, 1.1153843402862549, 1.0758943557739258, 1.0881080627441406, 1.1176927089691162, 1.1571733951568604, 1.0709397792816162, 1.1304519176483154, 1.1048927307128906, 1.0954957008361816, 1.121917724609375, 1.1062254905700684, 1.0824775695800781, 1.1182692050933838, 1.109821081161499, 1.1073708534240723, 1.1223621368408203, 1.1334173679351807, 1.1161341667175293, 1.099958896636963, 1.1015684604644775, 1.110177755355835, 1.1218109130859375, 1.0833332538604736, 1.1241917610168457, 1.0960197448730469, 1.1190340518951416, 1.097297191619873, 1.1234674453735352, 1.1188671588897705, 1.1111929416656494, 1.1211843490600586, 1.1130201816558838, 1.1066796779632568, 1.1453275680541992, 1.1312198638916016, 1.1303348541259766, 1.0955908298492432, 1.0802123546600342, 1.1092181205749512]