 lat : 32.0 ;long : 42.0; ;alpha : 50.814148004477914
 
 Min number of satellites : 2.0;
 Rate minValue (%) : 14.0;
 MeanValue : 2.9;
 MeanTime : 1.8834815740585327;
 StoreResult : [3.0, 2.0, 2.0, 3.0, 3.0, 3.0, 3.0, 3.0, 3.0, 3.0, 3.0, 4.0, 3.0, 3.0, 3.0, 3.0, 3.0, 3.0, 3.0, 3.0, 2.0, 3.0, 3.0, 3.0, 3.0, 3.0, 2.0, 3.0, 3.0, 3.0, 3.0, 3.0, 3.0, 3.0, 3.0, 3.0, 3.0, 3.0, 3.0, 3.0, 3.0, 3.0, 3.0, 3.0, 3.0, 3.0, 3.0, 3.0, 4.0, 2.0, 3.0, 2.0, 2.0, 3.0, 2.0, 3.0, 2.0, 2.0, 3.0, 2.0, 3.0, 3.0, 3.0, 4.0, 3.0, 3.0, 3.0, 3.0, 2.0, 3.0, 3.0, 3.0, 3.0, 3.0, 3.0, 3.0, 3.0, 3.0, 3.0, 3.0, 3.0, 3.0, 3.0, 3.0, 3.0, 3.0, 3.0, 3.0, 3.0, 2.0, 3.0, 4.0, 3.0, 3.0, 3.0, 2.0, 3.0, 3.0, 3.0, 3.0];
 StoreTime : [1.8821239471435547, 1.874741792678833, 1.892686367034912, 1.9071550369262695, 1.9031634330749512, 1.8873672485351562, 1.896205186843872, 1.8767905235290527, 1.8890044689178467, 1.933133840560913, 1.8834989070892334, 1.879744052886963, 1.8430545330047607, 1.8771743774414062, 1.854543685913086, 1.8937902450561523, 1.9031896591186523, 1.8973853588104248, 1.881561279296875, 1.8749823570251465, 1.8626863956451416, 1.892486810684204, 1.8810219764709473, 1.877380132675171, 1.86466383934021, 1.879209280014038, 1.9165558815002441, 1.8361527919769287, 1.922447681427002, 2.002652645111084, 1.9035618305206299, 1.900418996810913, 1.88393235206604, 1.8854765892028809, 1.9220259189605713, 1.8483514785766602, 1.8826453685760498, 1.895850658416748, 1.8683433532714844, 1.8887429237365723, 1.8843164443969727, 1.894622802734375, 1.8931236267089844, 1.8710153102874756, 1.8931365013122559, 1.8431081771850586, 1.8989849090576172, 1.9035100936889648, 1.862403154373169, 1.8950908184051514, 1.8770978450775146, 1.848714828491211, 1.8811752796173096, 1.8844363689422607, 1.8981964588165283, 1.8628973960876465, 1.8842978477478027, 1.8762989044189453, 1.8879749774932861, 1.8594377040863037, 1.9276258945465088, 1.8548829555511475, 1.8491244316101074, 1.9167289733886719, 1.8919506072998047, 1.870485544204712, 1.844689130783081, 1.8974313735961914, 1.8907148838043213, 1.8261682987213135, 1.8716692924499512, 1.8601155281066895, 1.863525629043579, 1.8914234638214111, 1.865610122680664, 1.8864102363586426, 1.9016103744506836, 1.829618215560913, 1.9364879131317139, 1.852888822555542, 1.8635694980621338, 1.89927339553833, 1.9296629428863525, 1.869830846786499, 1.9031260013580322, 1.868018627166748, 1.8876361846923828, 1.888444423675537, 1.8520607948303223, 1.837446928024292, 1.829007863998413, 1.9085636138916016, 1.9120738506317139, 1.8798344135284424, 1.8839709758758545, 1.9065051078796387, 1.8921806812286377, 1.888164758682251, 1.8733737468719482, 1.9005084037780762]