 lat : 32.0 ;long : 42.0; ;alpha : 50.814148004477914
 
 Min number of satellites : 4.0;
 Rate minValue (%) : 87.0;
 MeanValue : 4.13;
 MeanTime : 1.2245514726638793;
 StoreResult : [4.0, 4.0, 4.0, 4.0, 4.0, 4.0, 4.0, 4.0, 4.0, 4.0, 4.0, 4.0, 4.0, 4.0, 5.0, 4.0, 4.0, 4.0, 4.0, 4.0, 4.0, 4.0, 4.0, 4.0, 4.0, 4.0, 4.0, 4.0, 5.0, 4.0, 4.0, 4.0, 4.0, 5.0, 5.0, 5.0, 4.0, 4.0, 4.0, 4.0, 4.0, 4.0, 4.0, 4.0, 4.0, 4.0, 4.0, 5.0, 4.0, 4.0, 5.0, 4.0, 4.0, 4.0, 4.0, 4.0, 4.0, 4.0, 4.0, 4.0, 4.0, 4.0, 4.0, 4.0, 5.0, 4.0, 4.0, 4.0, 4.0, 5.0, 4.0, 4.0, 5.0, 4.0, 4.0, 5.0, 4.0, 5.0, 4.0, 4.0, 4.0, 4.0, 4.0, 4.0, 4.0, 5.0, 4.0, 4.0, 4.0, 4.0, 4.0, 4.0, 4.0, 4.0, 4.0, 4.0, 4.0, 4.0, 4.0, 4.0];
 StoreTime : [1.1844897270202637, 1.190380573272705, 1.1741712093353271, 1.1936171054840088, 1.1741700172424316, 1.244762897491455, 1.1851904392242432, 1.2039718627929688, 1.218505859375, 1.1849844455718994, 1.1947979927062988, 1.1998343467712402, 1.2710747718811035, 1.1953182220458984, 1.2726988792419434, 1.2319188117980957, 1.224440336227417, 1.2615375518798828, 1.2130446434020996, 1.219292163848877, 1.2607033252716064, 1.2279767990112305, 1.189950942993164, 1.2054710388183594, 1.1799824237823486, 1.2165310382843018, 1.192622184753418, 1.2152988910675049, 1.19710111618042, 1.2018334865570068, 1.1983180046081543, 1.2057883739471436, 1.3079822063446045, 1.2376856803894043, 1.2308971881866455, 1.2573614120483398, 1.2069778442382812, 1.2679054737091064, 1.1902673244476318, 1.2181427478790283, 1.190258502960205, 1.2742693424224854, 1.2092204093933105, 1.258152723312378, 1.181673288345337, 1.2276427745819092, 1.2106456756591797, 1.2088444232940674, 1.2159714698791504, 1.203444480895996, 1.2211077213287354, 1.1897084712982178, 1.277721881866455, 1.2064971923828125, 1.224302053451538, 1.1685686111450195, 1.2225441932678223, 1.247359275817871, 1.1957414150238037, 1.234464406967163, 1.2220633029937744, 1.2630293369293213, 1.24369215965271, 1.1931843757629395, 1.2539033889770508, 1.2375233173370361, 1.3658950328826904, 1.2653203010559082, 1.1892428398132324, 1.286240816116333, 1.2189183235168457, 1.2565021514892578, 1.2541635036468506, 1.1813957691192627, 1.2196574211120605, 1.2684102058410645, 1.2062726020812988, 1.2115161418914795, 1.2450587749481201, 1.194453477859497, 1.1920323371887207, 1.185913324356079, 1.2160327434539795, 1.255713939666748, 1.3088445663452148, 1.2148895263671875, 1.211958885192871, 1.3147251605987549, 1.268864631652832, 1.2892742156982422, 1.2456433773040771, 1.1668426990509033, 1.264578104019165, 1.2373735904693604, 1.212050437927246, 1.2166643142700195, 1.188777208328247, 1.2173097133636475, 1.2390587329864502, 1.2170188426971436]