 lat : 32.0 ;long : 42.0; ;alpha : 50.814148004477914
 
 Min number of satellites : 4.0;
 Rate minValue (%) : 90.0;
 MeanValue : 4.1;
 MeanTime : 3.4378124690055847;
 StoreResult : [4.0, 4.0, 4.0, 5.0, 4.0, 4.0, 4.0, 4.0, 4.0, 4.0, 4.0, 4.0, 4.0, 4.0, 4.0, 4.0, 4.0, 4.0, 4.0, 5.0, 4.0, 4.0, 4.0, 4.0, 4.0, 4.0, 4.0, 4.0, 4.0, 4.0, 4.0, 4.0, 4.0, 4.0, 4.0, 4.0, 4.0, 4.0, 4.0, 4.0, 4.0, 5.0, 4.0, 4.0, 4.0, 4.0, 4.0, 4.0, 4.0, 4.0, 5.0, 4.0, 4.0, 4.0, 4.0, 4.0, 4.0, 4.0, 4.0, 4.0, 5.0, 4.0, 4.0, 4.0, 4.0, 4.0, 5.0, 4.0, 4.0, 4.0, 4.0, 4.0, 4.0, 4.0, 4.0, 4.0, 4.0, 4.0, 4.0, 4.0, 4.0, 5.0, 4.0, 4.0, 5.0, 4.0, 4.0, 4.0, 4.0, 4.0, 4.0, 4.0, 4.0, 4.0, 5.0, 4.0, 4.0, 4.0, 4.0, 5.0];
 StoreTime : [3.3118090629577637, 3.4785218238830566, 3.4748246669769287, 3.4550681114196777, 3.5224764347076416, 3.672830581665039, 3.499396324157715, 3.5686051845550537, 3.5972442626953125, 3.6545729637145996, 3.5535199642181396, 3.5459790229797363, 3.5194547176361084, 3.56634521484375, 3.526857376098633, 3.5592339038848877, 3.579536199569702, 3.671778678894043, 3.693314790725708, 3.5423552989959717, 3.2181787490844727, 3.356245517730713, 3.2965893745422363, 3.3623037338256836, 3.4510135650634766, 3.4249279499053955, 3.4581587314605713, 3.461183786392212, 3.5715439319610596, 3.592693567276001, 3.41174054145813, 3.508636474609375, 3.6238489151000977, 3.511150598526001, 3.601130247116089, 3.614137649536133, 3.581437587738037, 3.646419048309326, 3.5897281169891357, 3.5791327953338623, 3.5582470893859863, 3.4796462059020996, 3.5068678855895996, 3.6228749752044678, 3.5281503200531006, 3.5550105571746826, 3.612220048904419, 3.57698392868042, 3.6136741638183594, 3.581697940826416, 3.5219321250915527, 3.58542537689209, 3.555903911590576, 3.5813748836517334, 3.5317318439483643, 3.5657246112823486, 3.4225668907165527, 3.441267967224121, 3.5373170375823975, 3.3876302242279053, 3.597252130508423, 3.5438456535339355, 3.446540594100952, 3.3454768657684326, 3.4896926879882812, 3.4884660243988037, 3.7777669429779053, 3.523775577545166, 3.553743362426758, 3.6077702045440674, 3.5436697006225586, 3.59769344329834, 3.213778257369995, 3.3893489837646484, 3.23777174949646, 3.1980819702148438, 3.1852595806121826, 3.119570255279541, 3.226839065551758, 3.1720516681671143, 3.182398796081543, 3.204164981842041, 3.1954922676086426, 3.1713550090789795, 3.210413932800293, 3.21913743019104, 3.1487669944763184, 3.2040042877197266, 3.1336400508880615, 3.168703079223633, 3.1386916637420654, 3.213041305541992, 3.1807432174682617, 3.08748722076416, 3.156836986541748, 3.28841233253479, 3.1779472827911377, 3.161215305328369, 3.2553796768188477, 3.4048469066619873]