 lat : 32.0 ;long : 42.0; ;alpha : 50.814148004477914
 
 Min number of satellites : 2.0;
 Rate minValue (%) : 8.0;
 MeanValue : 2.97;
 MeanTime : 1.08230801820755;
 StoreResult : [3.0, 2.0, 3.0, 3.0, 3.0, 4.0, 3.0, 3.0, 3.0, 3.0, 3.0, 3.0, 3.0, 3.0, 3.0, 3.0, 3.0, 3.0, 3.0, 3.0, 3.0, 3.0, 3.0, 3.0, 3.0, 3.0, 3.0, 3.0, 3.0, 3.0, 3.0, 3.0, 3.0, 3.0, 3.0, 4.0, 2.0, 3.0, 3.0, 3.0, 3.0, 3.0, 4.0, 3.0, 3.0, 3.0, 3.0, 3.0, 3.0, 3.0, 3.0, 3.0, 3.0, 2.0, 3.0, 3.0, 3.0, 3.0, 3.0, 3.0, 3.0, 3.0, 3.0, 3.0, 2.0, 3.0, 3.0, 3.0, 2.0, 2.0, 4.0, 3.0, 3.0, 3.0, 3.0, 3.0, 3.0, 4.0, 3.0, 3.0, 3.0, 3.0, 3.0, 2.0, 3.0, 3.0, 3.0, 3.0, 2.0, 3.0, 3.0, 3.0, 3.0, 3.0, 3.0, 3.0, 3.0, 3.0, 3.0, 3.0];
 StoreTime : [1.0995080471038818, 1.0733420848846436, 1.0808980464935303, 1.1303513050079346, 1.0810210704803467, 1.0826401710510254, 1.0808229446411133, 1.0687835216522217, 1.0842254161834717, 1.0804500579833984, 1.1000556945800781, 1.0870702266693115, 1.0854995250701904, 1.079059362411499, 1.0588979721069336, 1.0978021621704102, 1.1107532978057861, 1.0893728733062744, 1.0731682777404785, 1.0645339488983154, 1.0879240036010742, 1.0854473114013672, 1.0738525390625, 1.088508129119873, 1.0782649517059326, 1.0693175792694092, 1.0989561080932617, 1.092406988143921, 1.0468180179595947, 1.0959258079528809, 1.0983350276947021, 1.0855848789215088, 1.0783121585845947, 1.095527172088623, 1.0825204849243164, 1.0846142768859863, 1.0453593730926514, 1.0777678489685059, 1.0838911533355713, 1.0974924564361572, 1.0770950317382812, 1.082218885421753, 1.075437068939209, 1.0757153034210205, 1.0784728527069092, 1.0743670463562012, 1.0693063735961914, 1.0853254795074463, 1.0801618099212646, 1.083719253540039, 1.0789158344268799, 1.059429407119751, 1.0806808471679688, 1.082690954208374, 1.0901029109954834, 1.0855045318603516, 1.0803148746490479, 1.088209867477417, 1.0751192569732666, 1.0967676639556885, 1.0570001602172852, 1.0755155086517334, 1.0798687934875488, 1.0465266704559326, 1.0539908409118652, 1.1008434295654297, 1.071284532546997, 1.0900514125823975, 1.1003224849700928, 1.0744128227233887, 1.0819122791290283, 1.0729432106018066, 1.0810141563415527, 1.1025900840759277, 1.077143907546997, 1.0930678844451904, 1.0793898105621338, 1.0771806240081787, 1.0990962982177734, 1.1101889610290527, 1.0800724029541016, 1.0826330184936523, 1.0956246852874756, 1.0666444301605225, 1.1044886112213135, 1.0715134143829346, 1.0768980979919434, 1.0788164138793945, 1.0922794342041016, 1.0558202266693115, 1.07035231590271, 1.0804502964019775, 1.0742888450622559, 1.1014230251312256, 1.0939991474151611, 1.0895419120788574, 1.091043472290039, 1.0663013458251953, 1.100175142288208, 1.0794541835784912]