 lat : 32.0 ;long : 42.0; ;alpha : 8.369805327269022
 
 Min number of satellites : 17.0;
 Rate minValue (%) : 100.0;
 MeanValue : 17.0;
 MeanTime : 3.639051914215088;
 StoreResult : [17.0];
 StoreTime : [3.639051914215088]