 lat : 32.0 ;long : 42.0; ;alpha : 8.369805327269022
 
 Min number of satellites : 13.0;
 Rate minValue (%) : 100.0;
 MeanValue : 13.0;
 MeanTime : 41.525450468063354;
 StoreResult : [13.0];
 StoreTime : [41.525450468063354]