 lat : 32.0 ;long : 42.0; ;alpha : 50.814148004477914
 
 Min number of satellites : 2.0;
 Rate minValue (%) : 35.0;
 MeanValue : 2.65;
 MeanTime : 1.0575129294395447;
 StoreResult : [3.0, 2.0, 2.0, 3.0, 3.0, 3.0, 3.0, 2.0, 3.0, 2.0, 3.0, 3.0, 2.0, 3.0, 2.0, 2.0, 3.0, 3.0, 2.0, 2.0, 3.0, 2.0, 3.0, 2.0, 3.0, 3.0, 2.0, 3.0, 3.0, 2.0, 3.0, 2.0, 2.0, 3.0, 3.0, 3.0, 3.0, 3.0, 3.0, 3.0, 3.0, 2.0, 3.0, 3.0, 3.0, 2.0, 3.0, 3.0, 2.0, 3.0, 3.0, 3.0, 3.0, 2.0, 3.0, 2.0, 2.0, 3.0, 3.0, 3.0, 3.0, 3.0, 2.0, 3.0, 2.0, 2.0, 3.0, 3.0, 2.0, 3.0, 2.0, 2.0, 2.0, 2.0, 3.0, 2.0, 3.0, 3.0, 3.0, 3.0, 2.0, 3.0, 2.0, 3.0, 3.0, 3.0, 3.0, 3.0, 3.0, 3.0, 2.0, 2.0, 3.0, 3.0, 2.0, 3.0, 3.0, 3.0, 3.0, 3.0];
 StoreTime : [1.059981107711792, 1.0563960075378418, 1.063873052597046, 1.0641381740570068, 1.0564100742340088, 1.0561459064483643, 1.060237169265747, 1.0567200183868408, 1.062903881072998, 1.0560998916625977, 1.059122085571289, 1.0560388565063477, 1.064281940460205, 1.05849289894104, 1.0497820377349854, 1.0534861087799072, 1.0566740036010742, 1.0516340732574463, 1.0528180599212646, 1.0583720207214355, 1.048583984375, 1.0512380599975586, 1.053217887878418, 1.0547218322753906, 1.0527839660644531, 1.053354024887085, 1.0513720512390137, 1.05311918258667, 1.089475154876709, 1.0546331405639648, 1.0593440532684326, 1.0581469535827637, 1.0506269931793213, 1.0525169372558594, 1.0556800365447998, 1.0557289123535156, 1.0483999252319336, 1.055528163909912, 1.0657918453216553, 1.0999162197113037, 1.0639920234680176, 1.0493998527526855, 1.0524001121520996, 1.0684230327606201, 1.0508639812469482, 1.0495469570159912, 1.05320405960083, 1.100456953048706, 1.0519940853118896, 1.088102102279663, 1.0565180778503418, 1.0527799129486084, 1.055152177810669, 1.0495538711547852, 1.0536129474639893, 1.0536680221557617, 1.056408166885376, 1.0582249164581299, 1.049839973449707, 1.0580661296844482, 1.0537109375, 1.0590510368347168, 1.0570950508117676, 1.054591178894043, 1.0489208698272705, 1.0582449436187744, 1.0637190341949463, 1.0561940670013428, 1.0516409873962402, 1.0681791305541992, 1.048137903213501, 1.0539240837097168, 1.0541191101074219, 1.0518760681152344, 1.0509271621704102, 1.0535998344421387, 1.0506110191345215, 1.0581369400024414, 1.0549399852752686, 1.051692008972168, 1.0649681091308594, 1.051401138305664, 1.0566990375518799, 1.0608580112457275, 1.052934169769287, 1.064661979675293, 1.0649678707122803, 1.0653250217437744, 1.062082052230835, 1.0557191371917725, 1.0561010837554932, 1.052523136138916, 1.0868189334869385, 1.0528910160064697, 1.04618501663208, 1.047212839126587, 1.054168939590454, 1.0624980926513672, 1.0550119876861572, 1.0489599704742432]