 lat : 32.0 ;long : 42.0; ;alpha : 50.814148004477914
 
 Min number of satellites : 2.0;
 Rate minValue (%) : 48.0;
 MeanValue : 2.52;
 MeanTime : 2.6041523790359498;
 StoreResult : [2.0, 2.0, 2.0, 3.0, 2.0, 2.0, 2.0, 3.0, 2.0, 3.0, 2.0, 3.0, 2.0, 3.0, 2.0, 2.0, 3.0, 2.0, 3.0, 3.0, 2.0, 3.0, 3.0, 2.0, 2.0, 2.0, 3.0, 2.0, 2.0, 3.0, 2.0, 3.0, 3.0, 3.0, 3.0, 3.0, 2.0, 2.0, 3.0, 3.0, 2.0, 2.0, 3.0, 2.0, 2.0, 3.0, 2.0, 3.0, 3.0, 3.0, 3.0, 2.0, 2.0, 2.0, 2.0, 3.0, 2.0, 2.0, 3.0, 2.0, 3.0, 2.0, 3.0, 3.0, 3.0, 3.0, 3.0, 2.0, 3.0, 3.0, 3.0, 2.0, 3.0, 2.0, 2.0, 3.0, 3.0, 3.0, 2.0, 3.0, 2.0, 3.0, 3.0, 2.0, 2.0, 2.0, 2.0, 2.0, 3.0, 2.0, 3.0, 3.0, 3.0, 3.0, 3.0, 3.0, 3.0, 2.0, 3.0, 2.0];
 StoreTime : [2.5558807849884033, 2.633021593093872, 2.5302646160125732, 2.485704183578491, 2.5322701930999756, 2.51562762260437, 2.5040042400360107, 2.5083484649658203, 2.5235002040863037, 2.4666223526000977, 2.5017685890197754, 2.536952018737793, 2.4935901165008545, 2.4889209270477295, 2.492886781692505, 2.537280321121216, 2.547639846801758, 2.5056068897247314, 2.506453275680542, 2.532305955886841, 2.508284568786621, 2.580927848815918, 2.581496477127075, 2.5588719844818115, 2.6263535022735596, 2.501917839050293, 2.551135301589966, 2.637925148010254, 2.5813844203948975, 2.6289052963256836, 2.6323654651641846, 2.650881767272949, 2.6468212604522705, 2.6865289211273193, 2.6128089427948, 2.5996530055999756, 2.627755641937256, 2.656155824661255, 2.6133804321289062, 2.6393208503723145, 2.656841516494751, 2.610323429107666, 2.644550323486328, 2.69673228263855, 2.6282784938812256, 2.587416172027588, 2.6826372146606445, 2.6259357929229736, 2.6638247966766357, 2.6377670764923096, 2.6037278175354004, 2.737517833709717, 2.6261956691741943, 2.674802541732788, 2.6696062088012695, 2.69372296333313, 2.7051944732666016, 2.6509857177734375, 2.626664638519287, 2.7892980575561523, 2.6596384048461914, 2.628004789352417, 2.6502490043640137, 2.7035441398620605, 2.6691017150878906, 2.6691079139709473, 2.618253231048584, 2.6350677013397217, 2.676701784133911, 2.6973094940185547, 2.7093727588653564, 2.6240062713623047, 2.622657060623169, 2.669175624847412, 2.6572654247283936, 2.5793347358703613, 2.705843448638916, 2.7356505393981934, 2.666280746459961, 2.6429834365844727, 2.5580520629882812, 2.6574807167053223, 2.653942346572876, 2.5896503925323486, 2.611919403076172, 2.65328311920166, 2.6397297382354736, 2.629322052001953, 2.673314332962036, 2.538520336151123, 2.4257476329803467, 2.6449356079101562, 2.5096640586853027, 2.510101079940796, 2.5154027938842773, 2.5278780460357666, 2.5512566566467285, 2.496087074279785, 2.5760557651519775, 2.499799966812134]