 lat : 32.0 ;long : 42.0; ;alpha : 50.814148004477914
 
 Min number of satellites : 2.0;
 Rate minValue (%) : 63.0;
 MeanValue : 2.37;
 MeanTime : 1.0796989297866821;
 StoreResult : [2.0, 2.0, 2.0, 2.0, 3.0, 2.0, 2.0, 2.0, 2.0, 2.0, 2.0, 3.0, 3.0, 3.0, 3.0, 2.0, 2.0, 2.0, 3.0, 3.0, 3.0, 2.0, 2.0, 2.0, 3.0, 3.0, 2.0, 2.0, 2.0, 2.0, 2.0, 2.0, 3.0, 3.0, 2.0, 2.0, 2.0, 2.0, 3.0, 2.0, 2.0, 2.0, 3.0, 2.0, 2.0, 2.0, 3.0, 3.0, 2.0, 3.0, 2.0, 2.0, 2.0, 3.0, 2.0, 2.0, 2.0, 2.0, 3.0, 3.0, 3.0, 2.0, 2.0, 2.0, 2.0, 2.0, 3.0, 3.0, 2.0, 2.0, 3.0, 2.0, 3.0, 3.0, 2.0, 3.0, 3.0, 3.0, 2.0, 2.0, 2.0, 2.0, 3.0, 3.0, 2.0, 2.0, 3.0, 2.0, 3.0, 2.0, 2.0, 2.0, 3.0, 2.0, 3.0, 3.0, 2.0, 3.0, 2.0, 2.0];
 StoreTime : [1.0748562812805176, 1.0646767616271973, 1.0816395282745361, 1.0749685764312744, 1.0676898956298828, 1.080951452255249, 1.075361728668213, 1.0579159259796143, 1.0782275199890137, 1.0761339664459229, 1.0876438617706299, 1.0893852710723877, 1.0717933177947998, 1.0793578624725342, 1.084421157836914, 1.0876476764678955, 1.0757198333740234, 1.091376781463623, 1.1191437244415283, 1.1020925045013428, 1.060610294342041, 1.065929651260376, 1.0855937004089355, 1.0856170654296875, 1.0859246253967285, 1.0800244808197021, 1.0914781093597412, 1.0726065635681152, 1.0648179054260254, 1.051365852355957, 1.0750560760498047, 1.0797009468078613, 1.0777850151062012, 1.076375961303711, 1.0886530876159668, 1.084052324295044, 1.0980205535888672, 1.0536322593688965, 1.103236198425293, 1.0684666633605957, 1.0725505352020264, 1.0783734321594238, 1.0513253211975098, 1.080892562866211, 1.0729918479919434, 1.0760247707366943, 1.0975792407989502, 1.1034674644470215, 1.0595088005065918, 1.0934321880340576, 1.064955234527588, 1.0798115730285645, 1.080049991607666, 1.108980417251587, 1.1101622581481934, 1.0943543910980225, 1.0623586177825928, 1.0600714683532715, 1.0794448852539062, 1.0943217277526855, 1.0723512172698975, 1.089897871017456, 1.0712311267852783, 1.068035364151001, 1.07664155960083, 1.0560643672943115, 1.0813384056091309, 1.0903980731964111, 1.0549914836883545, 1.0599217414855957, 1.0831360816955566, 1.090468168258667, 1.0822110176086426, 1.084329605102539, 1.0865581035614014, 1.0957562923431396, 1.071674108505249, 1.0792241096496582, 1.0738294124603271, 1.0963332653045654, 1.0832056999206543, 1.0585987567901611, 1.083268642425537, 1.0650954246520996, 1.0926563739776611, 1.0606751441955566, 1.0592169761657715, 1.0826420783996582, 1.1090762615203857, 1.0781116485595703, 1.079319953918457, 1.074223518371582, 1.1221284866333008, 1.0695109367370605, 1.0946602821350098, 1.097419023513794, 1.0558948516845703, 1.0870614051818848, 1.0974466800689697, 1.0646817684173584]