 lat : 32.0 ;long : 42.0; ;alpha : 50.814148004477914
 
 Min number of satellites : 2.0;
 Rate minValue (%) : 66.0;
 MeanValue : 2.34;
 MeanTime : 10.189484617710114;
 StoreResult : [2.0, 2.0, 2.0, 3.0, 2.0, 2.0, 2.0, 2.0, 3.0, 2.0, 2.0, 2.0, 2.0, 2.0, 2.0, 3.0, 2.0, 2.0, 3.0, 3.0, 3.0, 2.0, 3.0, 2.0, 2.0, 2.0, 3.0, 3.0, 2.0, 2.0, 2.0, 2.0, 2.0, 2.0, 3.0, 2.0, 2.0, 3.0, 3.0, 2.0, 3.0, 2.0, 3.0, 3.0, 2.0, 2.0, 3.0, 2.0, 2.0, 3.0, 2.0, 2.0, 2.0, 2.0, 3.0, 2.0, 3.0, 3.0, 3.0, 3.0, 2.0, 2.0, 3.0, 2.0, 3.0, 3.0, 3.0, 2.0, 2.0, 2.0, 3.0, 2.0, 3.0, 2.0, 2.0, 2.0, 2.0, 2.0, 2.0, 3.0, 2.0, 2.0, 2.0, 2.0, 2.0, 2.0, 2.0, 2.0, 2.0, 3.0, 3.0, 2.0, 3.0, 2.0, 3.0, 2.0, 2.0, 2.0, 2.0, 3.0];
 StoreTime : [10.082006931304932, 9.811095714569092, 9.896079063415527, 10.049262285232544, 10.55171823501587, 9.856502771377563, 9.877432823181152, 9.86295199394226, 10.145339727401733, 9.905611038208008, 9.907476663589478, 10.124168395996094, 9.727293014526367, 10.149299144744873, 9.955661535263062, 9.812615394592285, 10.066604375839233, 9.955572366714478, 10.157733917236328, 9.782362699508667, 9.702662467956543, 9.920220613479614, 9.896971464157104, 9.936136245727539, 10.025978326797485, 9.858067035675049, 10.011160135269165, 9.726352453231812, 10.581993579864502, 9.97365427017212, 10.489050149917603, 9.851449966430664, 10.825448513031006, 10.179611682891846, 9.842003583908081, 10.420567512512207, 10.074237585067749, 10.352157354354858, 9.940370559692383, 10.402496576309204, 10.303479433059692, 10.30590271949768, 10.379570007324219, 10.308589696884155, 10.056808710098267, 10.344818115234375, 10.115833044052124, 10.381586790084839, 10.4054594039917, 10.291721105575562, 10.32306718826294, 10.801116228103638, 10.400306701660156, 10.77779507637024, 10.56119990348816, 10.398468255996704, 10.078901052474976, 11.03478741645813, 10.24764609336853, 10.097668409347534, 10.272994041442871, 10.379133462905884, 10.084627389907837, 10.457628965377808, 10.033858299255371, 9.917678117752075, 10.116930723190308, 9.794512033462524, 9.774861574172974, 10.27016830444336, 10.220306634902954, 10.36596965789795, 10.904970407485962, 10.331079006195068, 9.9391930103302, 10.198729038238525, 10.24501633644104, 10.298976182937622, 9.89371633529663, 9.739670991897583, 10.666768074035645, 10.624327898025513, 10.220015048980713, 9.864986896514893, 10.447756290435791, 9.948758363723755, 10.948362827301025, 11.256243228912354, 10.057329416275024, 10.211144208908081, 10.646535634994507, 10.320496082305908, 10.185614109039307, 10.187618255615234, 10.156504392623901, 10.188771486282349, 10.347604751586914, 10.133179903030396, 10.034237384796143, 9.960083484649658]