 lat : 32.0 ;long : 42.0; ;alpha : 50.814148004477914
 
 Min number of satellites : 2.0;
 Rate minValue (%) : 59.0;
 MeanValue : 2.41;
 MeanTime : 1.021250216960907;
 StoreResult : [2.0, 3.0, 3.0, 2.0, 3.0, 3.0, 2.0, 2.0, 2.0, 3.0, 2.0, 3.0, 3.0, 2.0, 2.0, 3.0, 3.0, 2.0, 3.0, 3.0, 3.0, 2.0, 2.0, 2.0, 3.0, 3.0, 2.0, 3.0, 2.0, 2.0, 2.0, 3.0, 2.0, 2.0, 3.0, 2.0, 2.0, 2.0, 3.0, 3.0, 2.0, 3.0, 3.0, 2.0, 3.0, 3.0, 2.0, 3.0, 3.0, 2.0, 3.0, 2.0, 2.0, 2.0, 2.0, 3.0, 2.0, 3.0, 3.0, 3.0, 3.0, 2.0, 2.0, 3.0, 3.0, 2.0, 2.0, 2.0, 2.0, 2.0, 2.0, 2.0, 2.0, 2.0, 2.0, 3.0, 2.0, 2.0, 2.0, 3.0, 2.0, 3.0, 3.0, 2.0, 2.0, 2.0, 2.0, 2.0, 3.0, 2.0, 2.0, 2.0, 3.0, 2.0, 3.0, 2.0, 2.0, 2.0, 3.0, 2.0];
 StoreTime : [1.0266249179840088, 1.0188891887664795, 1.0240130424499512, 1.0196011066436768, 1.02156400680542, 1.0246798992156982, 1.023137092590332, 1.0218560695648193, 1.018589973449707, 1.0226359367370605, 1.0170671939849854, 1.0238590240478516, 1.0219521522521973, 1.0177910327911377, 1.0234489440917969, 1.0246551036834717, 1.0244510173797607, 1.0233750343322754, 1.020474910736084, 1.0213329792022705, 1.0206081867218018, 1.0228610038757324, 1.0195930004119873, 1.020176887512207, 1.0236461162567139, 1.0227470397949219, 1.0211200714111328, 1.0178871154785156, 1.0208370685577393, 1.0178790092468262, 1.0188231468200684, 1.0200650691986084, 1.0189478397369385, 1.0199339389801025, 1.0202200412750244, 1.0181469917297363, 1.0202770233154297, 1.0198760032653809, 1.0228869915008545, 1.020782232284546, 1.0190539360046387, 1.0188729763031006, 1.018251895904541, 1.0198907852172852, 1.0205399990081787, 1.0179469585418701, 1.0209770202636719, 1.0366759300231934, 1.0209510326385498, 1.019191026687622, 1.0194430351257324, 1.0187900066375732, 1.0237078666687012, 1.0182158946990967, 1.0224931240081787, 1.0262889862060547, 1.0194871425628662, 1.018721103668213, 1.0220201015472412, 1.0198171138763428, 1.020219087600708, 1.020660161972046, 1.0219287872314453, 1.0245389938354492, 1.0284650325775146, 1.0230929851531982, 1.0177650451660156, 1.021070957183838, 1.0185999870300293, 1.0202531814575195, 1.019308090209961, 1.020251989364624, 1.0183460712432861, 1.0273330211639404, 1.0218851566314697, 1.020313024520874, 1.0187067985534668, 1.0230369567871094, 1.0198948383331299, 1.0215439796447754, 1.0203180313110352, 1.0198109149932861, 1.0209600925445557, 1.0235130786895752, 1.0171608924865723, 1.0185561180114746, 1.0191500186920166, 1.0225169658660889, 1.0246951580047607, 1.0187339782714844, 1.0278759002685547, 1.019596815109253, 1.0245931148529053, 1.0192701816558838, 1.0317978858947754, 1.0195701122283936, 1.0217828750610352, 1.0187790393829346, 1.0197229385375977, 1.020754098892212]