 lat : 32.0 ;long : 42.0; ;alpha : 50.814148004477914
 
 Min number of satellites : 3.0;
 Rate minValue (%) : 53.0;
 MeanValue : 3.47;
 MeanTime : 1.1063590908050538;
 StoreResult : [4.0, 4.0, 4.0, 3.0, 4.0, 4.0, 3.0, 3.0, 4.0, 4.0, 3.0, 4.0, 3.0, 3.0, 3.0, 4.0, 4.0, 4.0, 4.0, 3.0, 3.0, 3.0, 3.0, 3.0, 4.0, 3.0, 4.0, 4.0, 3.0, 3.0, 3.0, 3.0, 4.0, 4.0, 4.0, 3.0, 3.0, 3.0, 3.0, 4.0, 3.0, 4.0, 4.0, 4.0, 3.0, 3.0, 3.0, 4.0, 3.0, 4.0, 3.0, 4.0, 3.0, 3.0, 3.0, 4.0, 4.0, 4.0, 4.0, 4.0, 3.0, 3.0, 4.0, 3.0, 3.0, 3.0, 4.0, 4.0, 3.0, 3.0, 3.0, 4.0, 3.0, 3.0, 3.0, 3.0, 3.0, 3.0, 4.0, 4.0, 4.0, 3.0, 4.0, 3.0, 3.0, 3.0, 4.0, 4.0, 3.0, 4.0, 3.0, 4.0, 3.0, 4.0, 4.0, 3.0, 4.0, 4.0, 3.0, 4.0];
 StoreTime : [1.1069300174713135, 1.1118340492248535, 1.0910899639129639, 1.0919289588928223, 1.1076531410217285, 1.0991997718811035, 1.0959129333496094, 1.1017191410064697, 1.121833086013794, 1.0916271209716797, 1.0961439609527588, 1.1019082069396973, 1.1021788120269775, 1.1122000217437744, 1.0992209911346436, 1.1137301921844482, 1.0975990295410156, 1.1013989448547363, 1.1061010360717773, 1.1003210544586182, 1.109386920928955, 1.0991718769073486, 1.1096489429473877, 1.0996592044830322, 1.1035990715026855, 1.1022279262542725, 1.117278814315796, 1.1161189079284668, 1.1035211086273193, 1.1081318855285645, 1.1006579399108887, 1.1088831424713135, 1.1186017990112305, 1.1118109226226807, 1.108922004699707, 1.1174120903015137, 1.1029548645019531, 1.0974149703979492, 1.094559907913208, 1.1052930355072021, 1.1220149993896484, 1.1080570220947266, 1.0993168354034424, 1.105787992477417, 1.0997600555419922, 1.1119740009307861, 1.1118719577789307, 1.1070928573608398, 1.110731840133667, 1.1276531219482422, 1.0970079898834229, 1.0990300178527832, 1.106933832168579, 1.1025941371917725, 1.1014981269836426, 1.0988960266113281, 1.1125860214233398, 1.1103029251098633, 1.1003170013427734, 1.0995841026306152, 1.1017959117889404, 1.1000590324401855, 1.110975980758667, 1.1026320457458496, 1.0974340438842773, 1.0959091186523438, 1.1145920753479004, 1.1054809093475342, 1.109382152557373, 1.1089680194854736, 1.099377155303955, 1.1005940437316895, 1.1578700542449951, 1.0933270454406738, 1.1020300388336182, 1.1009669303894043, 1.0981459617614746, 1.1201279163360596, 1.0936050415039062, 1.1135621070861816, 1.1136009693145752, 1.1146249771118164, 1.145711898803711, 1.1102941036224365, 1.1181108951568604, 1.0968899726867676, 1.1014978885650635, 1.112299919128418, 1.111814022064209, 1.0990769863128662, 1.1106579303741455, 1.1135778427124023, 1.1098740100860596, 1.1112499237060547, 1.1003551483154297, 1.115772008895874, 1.0966501235961914, 1.0996451377868652, 1.087203025817871, 1.1213700771331787]