 lat : 32.0 ;long : 42.0; ;alpha : 8.369805327269022
 
 Min number of satellites : 6.0;
 Rate minValue (%) : 100.0;
 MeanValue : 6.0;
 MeanTime : 1.3567218780517578;
 StoreResult : [6.0];
 StoreTime : [1.3567218780517578]