 lat : 32.0 ;long : 42.0; ;alpha : 8.369805327269022
 
 Min number of satellites : 11.0;
 Rate minValue (%) : 100.0;
 MeanValue : 11.0;
 MeanTime : 1.965014934539795;
 StoreResult : [11.0];
 StoreTime : [1.965014934539795]