 lat : 32.0 ;long : 42.0; ;alpha : 50.814148004477914
 
 Min number of satellites : 3.0;
 Rate minValue (%) : 80.0;
 MeanValue : 3.2;
 MeanTime : 1.172708685398102;
 StoreResult : [3.0, 3.0, 3.0, 3.0, 3.0, 3.0, 3.0, 3.0, 4.0, 4.0, 3.0, 3.0, 3.0, 4.0, 3.0, 3.0, 3.0, 4.0, 3.0, 3.0, 3.0, 3.0, 3.0, 3.0, 3.0, 3.0, 3.0, 3.0, 3.0, 3.0, 3.0, 3.0, 3.0, 3.0, 3.0, 3.0, 3.0, 3.0, 3.0, 3.0, 3.0, 3.0, 3.0, 4.0, 3.0, 3.0, 3.0, 3.0, 3.0, 3.0, 3.0, 4.0, 3.0, 3.0, 4.0, 4.0, 3.0, 3.0, 4.0, 4.0, 3.0, 3.0, 3.0, 3.0, 3.0, 3.0, 3.0, 4.0, 3.0, 3.0, 3.0, 4.0, 3.0, 3.0, 3.0, 3.0, 3.0, 3.0, 4.0, 4.0, 3.0, 4.0, 4.0, 3.0, 3.0, 3.0, 4.0, 4.0, 3.0, 3.0, 3.0, 3.0, 3.0, 4.0, 4.0, 3.0, 3.0, 3.0, 3.0, 3.0];
 StoreTime : [1.1428430080413818, 1.1635947227478027, 1.1456496715545654, 1.1659178733825684, 1.174565315246582, 1.171804666519165, 1.1637752056121826, 1.1459999084472656, 1.191098690032959, 1.16465425491333, 1.1364128589630127, 1.1985151767730713, 1.1502563953399658, 1.173379898071289, 1.1437578201293945, 1.141129970550537, 1.194103479385376, 1.1385724544525146, 1.1229867935180664, 1.1804230213165283, 1.1667253971099854, 1.2102460861206055, 1.1731231212615967, 1.1619515419006348, 1.1513376235961914, 1.1980955600738525, 1.1651875972747803, 1.2011632919311523, 1.174665927886963, 1.2105686664581299, 1.1801679134368896, 1.1825807094573975, 1.1667389869689941, 1.1587941646575928, 1.170121431350708, 1.1387476921081543, 1.147848129272461, 1.199155569076538, 1.1635332107543945, 1.1662673950195312, 1.1818699836730957, 1.1395959854125977, 1.1900949478149414, 1.2639470100402832, 1.1637792587280273, 1.1530675888061523, 1.1864557266235352, 1.1662960052490234, 1.1705403327941895, 1.1861581802368164, 1.1714015007019043, 1.1666576862335205, 1.1557831764221191, 1.1472184658050537, 1.1837661266326904, 1.1631851196289062, 1.1737420558929443, 1.2393913269042969, 1.1306147575378418, 1.1623177528381348, 1.2005829811096191, 1.155292272567749, 1.2297706604003906, 1.2089674472808838, 1.180974006652832, 1.1957130432128906, 1.1736690998077393, 1.1235992908477783, 1.223562479019165, 1.1383695602416992, 1.1645030975341797, 1.175264835357666, 1.1349678039550781, 1.1679518222808838, 1.1806535720825195, 1.1782512664794922, 1.1880559921264648, 1.1974618434906006, 1.158567190170288, 1.1444141864776611, 1.2073171138763428, 1.1766290664672852, 1.154498815536499, 1.184863567352295, 1.181217908859253, 1.1827220916748047, 1.1818063259124756, 1.1445393562316895, 1.1999664306640625, 1.1533033847808838, 1.1909868717193604, 1.1847865581512451, 1.2140743732452393, 1.1226086616516113, 1.2341222763061523, 1.1739671230316162, 1.163971185684204, 1.170027494430542, 1.1799647808074951, 1.1565585136413574]