 lat : 32.0 ;long : 42.0; ;alpha : 8.369805327269022
 
 Min number of satellites : 10.0;
 Rate minValue (%) : 100.0;
 MeanValue : 10.0;
 MeanTime : 63.29320549964905;
 StoreResult : [10.0];
 StoreTime : [63.29320549964905]