 lat : 32.0 ;long : 42.0; ;alpha : 8.369805327269022
 
 Min number of satellites : 15.0;
 Rate minValue (%) : 100.0;
 MeanValue : 15.0;
 MeanTime : 2.7141900062561035;
 StoreResult : [15.0];
 StoreTime : [2.7141900062561035]