 lat : 32.0 ;long : 42.0; ;alpha : 50.814148004477914
 
 Min number of satellites : 2.0;
 Rate minValue (%) : 61.0;
 MeanValue : 2.39;
 MeanTime : 1.1245355582237244;
 StoreResult : [2.0, 2.0, 2.0, 2.0, 2.0, 2.0, 2.0, 2.0, 2.0, 2.0, 2.0, 3.0, 2.0, 3.0, 2.0, 3.0, 2.0, 3.0, 2.0, 3.0, 3.0, 2.0, 2.0, 2.0, 2.0, 2.0, 3.0, 2.0, 2.0, 2.0, 2.0, 3.0, 2.0, 2.0, 2.0, 2.0, 2.0, 2.0, 2.0, 3.0, 2.0, 2.0, 3.0, 2.0, 3.0, 2.0, 3.0, 2.0, 3.0, 2.0, 2.0, 2.0, 2.0, 3.0, 3.0, 2.0, 3.0, 2.0, 3.0, 3.0, 2.0, 3.0, 3.0, 3.0, 3.0, 3.0, 2.0, 2.0, 3.0, 2.0, 3.0, 3.0, 3.0, 3.0, 2.0, 2.0, 2.0, 2.0, 2.0, 3.0, 3.0, 2.0, 3.0, 2.0, 3.0, 2.0, 2.0, 2.0, 2.0, 3.0, 2.0, 3.0, 3.0, 3.0, 3.0, 2.0, 2.0, 3.0, 3.0, 2.0];
 StoreTime : [1.1330769062042236, 1.1335961818695068, 1.1091139316558838, 1.1277141571044922, 1.1225130558013916, 1.1171419620513916, 1.1120553016662598, 1.1167068481445312, 1.1086077690124512, 1.1407783031463623, 1.1418170928955078, 1.1320343017578125, 1.1001040935516357, 1.1154484748840332, 1.1175894737243652, 1.1197941303253174, 1.1170697212219238, 1.111623764038086, 1.1073040962219238, 1.117776870727539, 1.127896785736084, 1.1248159408569336, 1.1347293853759766, 1.1448769569396973, 1.146259069442749, 1.1230368614196777, 1.1403276920318604, 1.1215033531188965, 1.1168529987335205, 1.122751235961914, 1.1398732662200928, 1.125654935836792, 1.113182544708252, 1.1335327625274658, 1.1239299774169922, 1.1165056228637695, 1.1318137645721436, 1.0920064449310303, 1.131782054901123, 1.125075101852417, 1.1163992881774902, 1.1161062717437744, 1.1451904773712158, 1.1282415390014648, 1.1289472579956055, 1.1277923583984375, 1.1314013004302979, 1.123232126235962, 1.1159000396728516, 1.1101093292236328, 1.1375691890716553, 1.1098942756652832, 1.1308557987213135, 1.1332948207855225, 1.12673020362854, 1.12674880027771, 1.1352946758270264, 1.1350834369659424, 1.1485369205474854, 1.1183998584747314, 1.1086363792419434, 1.1318073272705078, 1.1217765808105469, 1.126235008239746, 1.1401472091674805, 1.1233808994293213, 1.1168348789215088, 1.1193180084228516, 1.1089966297149658, 1.1115939617156982, 1.1557114124298096, 1.144317626953125, 1.1212763786315918, 1.125082015991211, 1.117171049118042, 1.1268587112426758, 1.1135318279266357, 1.115377426147461, 1.1233463287353516, 1.1297032833099365, 1.129913330078125, 1.133479356765747, 1.1143081188201904, 1.1318373680114746, 1.106372356414795, 1.13543701171875, 1.1193733215332031, 1.1068322658538818, 1.130718469619751, 1.1231234073638916, 1.1384167671203613, 1.1138694286346436, 1.1387958526611328, 1.1287548542022705, 1.117182731628418, 1.1194117069244385, 1.114819049835205, 1.1328585147857666, 1.1280410289764404, 1.1249067783355713]