 lat : 32.0 ;long : 42.0; ;alpha : 50.814148004477914
 
 Min number of satellites : 2.0;
 Rate minValue (%) : 51.0;
 MeanValue : 2.49;
 MeanTime : 1.1113169312477111;
 StoreResult : [3.0, 2.0, 2.0, 3.0, 2.0, 3.0, 2.0, 2.0, 3.0, 2.0, 3.0, 3.0, 2.0, 3.0, 2.0, 3.0, 2.0, 2.0, 2.0, 2.0, 2.0, 2.0, 3.0, 2.0, 3.0, 2.0, 3.0, 3.0, 2.0, 2.0, 3.0, 2.0, 2.0, 3.0, 3.0, 3.0, 3.0, 2.0, 3.0, 3.0, 2.0, 2.0, 2.0, 2.0, 2.0, 3.0, 2.0, 3.0, 3.0, 3.0, 3.0, 2.0, 3.0, 2.0, 3.0, 2.0, 2.0, 3.0, 3.0, 2.0, 2.0, 3.0, 2.0, 3.0, 2.0, 3.0, 3.0, 2.0, 3.0, 3.0, 2.0, 2.0, 3.0, 2.0, 2.0, 2.0, 3.0, 3.0, 3.0, 3.0, 3.0, 3.0, 2.0, 3.0, 2.0, 2.0, 3.0, 2.0, 3.0, 3.0, 2.0, 3.0, 3.0, 3.0, 2.0, 2.0, 3.0, 2.0, 2.0, 2.0];
 StoreTime : [1.1143927574157715, 1.1161329746246338, 1.10746169090271, 1.0897698402404785, 1.1019296646118164, 1.1272387504577637, 1.1510589122772217, 1.141430377960205, 1.107243299484253, 1.1282706260681152, 1.1216790676116943, 1.109015703201294, 1.1013116836547852, 1.1131722927093506, 1.0819525718688965, 1.1276605129241943, 1.089359998703003, 1.1202166080474854, 1.0936720371246338, 1.1164581775665283, 1.1188135147094727, 1.0998382568359375, 1.135807752609253, 1.1287989616394043, 1.1283996105194092, 1.1070387363433838, 1.0939388275146484, 1.1356966495513916, 1.1008076667785645, 1.0867116451263428, 1.0902469158172607, 1.1160025596618652, 1.1240572929382324, 1.1376476287841797, 1.1406517028808594, 1.1190834045410156, 1.1146094799041748, 1.125985860824585, 1.115022897720337, 1.1269440650939941, 1.1428143978118896, 1.1307885646820068, 1.104522466659546, 1.1382017135620117, 1.1144287586212158, 1.1210122108459473, 1.0831880569458008, 1.1098322868347168, 1.1272320747375488, 1.1232106685638428, 1.1684966087341309, 1.1196339130401611, 1.1397910118103027, 1.1454122066497803, 1.0948123931884766, 1.1216931343078613, 1.1290628910064697, 1.105677604675293, 1.1120905876159668, 1.1034290790557861, 1.1144704818725586, 1.120802879333496, 1.0997850894927979, 1.1321935653686523, 1.1035189628601074, 1.1223130226135254, 1.1127753257751465, 1.1040821075439453, 1.0946285724639893, 1.099236249923706, 1.0987780094146729, 1.0932273864746094, 1.094503402709961, 1.0845611095428467, 1.085444450378418, 1.0883984565734863, 1.0851168632507324, 1.1210262775421143, 1.1024634838104248, 1.0853912830352783, 1.1062898635864258, 1.0748481750488281, 1.1015629768371582, 1.096851110458374, 1.0877032279968262, 1.1001906394958496, 1.0999934673309326, 1.1007232666015625, 1.116309642791748, 1.112494707107544, 1.0743589401245117, 1.1016781330108643, 1.0873422622680664, 1.1128661632537842, 1.1196515560150146, 1.103064775466919, 1.098146677017212, 1.1288704872131348, 1.1510441303253174, 1.0741243362426758]