 lat : 32.0 ;long : 42.0; ;alpha : 50.814148004477914
 
 Min number of satellites : 3.0;
 Rate minValue (%) : 86.0;
 MeanValue : 3.14;
 MeanTime : 2.7488166642189027;
 StoreResult : [3.0, 4.0, 3.0, 3.0, 3.0, 3.0, 3.0, 3.0, 3.0, 3.0, 3.0, 4.0, 3.0, 3.0, 3.0, 3.0, 3.0, 3.0, 4.0, 3.0, 3.0, 3.0, 3.0, 3.0, 4.0, 3.0, 3.0, 3.0, 3.0, 3.0, 3.0, 3.0, 3.0, 3.0, 3.0, 3.0, 3.0, 3.0, 3.0, 3.0, 4.0, 4.0, 4.0, 3.0, 3.0, 3.0, 3.0, 3.0, 3.0, 3.0, 3.0, 3.0, 4.0, 3.0, 3.0, 4.0, 3.0, 3.0, 3.0, 4.0, 3.0, 3.0, 3.0, 3.0, 3.0, 4.0, 3.0, 3.0, 3.0, 3.0, 3.0, 3.0, 3.0, 3.0, 3.0, 3.0, 3.0, 3.0, 3.0, 3.0, 3.0, 3.0, 4.0, 3.0, 3.0, 3.0, 3.0, 3.0, 3.0, 3.0, 3.0, 4.0, 3.0, 3.0, 3.0, 3.0, 3.0, 4.0, 3.0, 3.0];
 StoreTime : [2.6241955757141113, 2.6194777488708496, 2.556356191635132, 2.6242799758911133, 2.7057580947875977, 2.7355844974517822, 2.728135347366333, 2.677690029144287, 2.670684337615967, 2.7048757076263428, 2.6764464378356934, 2.801029920578003, 2.7057065963745117, 2.670309543609619, 2.8516855239868164, 2.7932300567626953, 2.805211067199707, 2.706160068511963, 2.7032837867736816, 2.759768009185791, 2.775191307067871, 2.755180597305298, 2.7602038383483887, 2.749225616455078, 2.826279878616333, 2.70648193359375, 2.9340615272521973, 2.7737672328948975, 2.6917645931243896, 2.757826328277588, 2.7347733974456787, 2.679459571838379, 2.9431650638580322, 2.889248847961426, 2.8132948875427246, 2.769819736480713, 2.8075623512268066, 2.807448148727417, 2.801370620727539, 2.7967846393585205, 2.831835985183716, 2.8217544555664062, 2.7373671531677246, 2.7501397132873535, 2.80269718170166, 2.7343854904174805, 2.711869955062866, 2.820427179336548, 2.7440879344940186, 2.8682901859283447, 2.7098095417022705, 2.7645106315612793, 2.8335659503936768, 2.7330615520477295, 2.492605447769165, 2.5249552726745605, 2.5157268047332764, 2.569446086883545, 2.5771827697753906, 2.7503154277801514, 2.6421477794647217, 2.6523163318634033, 2.6447649002075195, 2.7030081748962402, 2.6906838417053223, 2.798173189163208, 2.8710381984710693, 2.6751325130462646, 2.7891314029693604, 2.691714286804199, 2.7726857662200928, 2.8352513313293457, 2.7845492362976074, 2.749504804611206, 3.0136492252349854, 2.795928716659546, 2.8545315265655518, 2.7634952068328857, 2.769111156463623, 2.757594108581543, 2.7433876991271973, 2.775533437728882, 2.7485594749450684, 2.698591947555542, 2.7264320850372314, 2.8160500526428223, 2.796088933944702, 2.750213623046875, 2.7743451595306396, 2.8017377853393555, 2.843740701675415, 2.7860331535339355, 2.8343634605407715, 2.7688512802124023, 2.7856647968292236, 2.742297887802124, 2.771385431289673, 2.7826087474823, 2.780759334564209, 2.713796377182007]