 lat : 32.0 ;long : 42.0; ;alpha : 50.814148004477914
 
 Min number of satellites : 2.0;
 Rate minValue (%) : 77.0;
 MeanValue : 2.23;
 MeanTime : 2.0990734934806823;
 StoreResult : [2.0, 3.0, 2.0, 2.0, 2.0, 2.0, 2.0, 2.0, 3.0, 2.0, 3.0, 3.0, 2.0, 3.0, 2.0, 2.0, 3.0, 2.0, 3.0, 3.0, 2.0, 2.0, 2.0, 3.0, 2.0, 3.0, 2.0, 3.0, 2.0, 3.0, 2.0, 2.0, 2.0, 2.0, 2.0, 2.0, 3.0, 2.0, 2.0, 3.0, 2.0, 2.0, 2.0, 2.0, 2.0, 3.0, 2.0, 3.0, 2.0, 3.0, 2.0, 2.0, 2.0, 2.0, 2.0, 2.0, 2.0, 2.0, 2.0, 2.0, 2.0, 2.0, 2.0, 2.0, 2.0, 2.0, 2.0, 2.0, 2.0, 2.0, 2.0, 2.0, 2.0, 3.0, 2.0, 2.0, 2.0, 2.0, 2.0, 3.0, 2.0, 2.0, 2.0, 2.0, 2.0, 3.0, 3.0, 2.0, 2.0, 2.0, 2.0, 2.0, 2.0, 2.0, 2.0, 2.0, 3.0, 2.0, 2.0, 3.0];
 StoreTime : [2.1199443340301514, 2.1262924671173096, 2.0857489109039307, 2.1232950687408447, 2.136131525039673, 2.0829718112945557, 2.1001439094543457, 1.9861226081848145, 2.142887830734253, 2.0620603561401367, 2.1601054668426514, 2.0422170162200928, 2.0851337909698486, 2.145752191543579, 2.0868301391601562, 2.091127395629883, 2.116600751876831, 2.0728306770324707, 2.1973302364349365, 2.0123496055603027, 2.1281142234802246, 2.0635082721710205, 2.0992326736450195, 1.9797964096069336, 2.129148483276367, 2.0366098880767822, 2.145171642303467, 2.029082775115967, 2.0880985260009766, 2.0970964431762695, 2.0693106651306152, 2.1118576526641846, 2.0664868354797363, 2.2134149074554443, 2.0698578357696533, 2.0180561542510986, 2.0859878063201904, 2.0984911918640137, 2.1365575790405273, 2.113011598587036, 2.1795475482940674, 2.0835306644439697, 2.098989963531494, 2.0839641094207764, 2.0883712768554688, 2.064926862716675, 2.107988119125366, 2.103461265563965, 2.1038124561309814, 2.0614776611328125, 2.0886166095733643, 2.1577889919281006, 2.1773970127105713, 2.036540985107422, 2.156505823135376, 2.191511392593384, 2.061136245727539, 2.0632922649383545, 2.109729290008545, 2.1240339279174805, 2.1009082794189453, 2.0670573711395264, 2.067582845687866, 2.089040994644165, 2.1397080421447754, 2.1996400356292725, 2.0602924823760986, 2.132096529006958, 2.085768938064575, 2.079935073852539, 2.0371670722961426, 2.079509973526001, 2.069019317626953, 2.139143705368042, 2.1048436164855957, 2.154378652572632, 2.1014206409454346, 2.2232954502105713, 1.9476008415222168, 2.114412784576416, 2.142500638961792, 2.132012128829956, 2.0457723140716553, 2.0683810710906982, 2.076317071914673, 2.110821485519409, 2.045283317565918, 2.1067025661468506, 2.1039185523986816, 2.1223270893096924, 2.0712027549743652, 2.0887112617492676, 2.174273729324341, 2.1244029998779297, 2.109947919845581, 2.188253402709961, 2.0550694465637207, 2.0872297286987305, 2.109905958175659, 2.054103136062622]