 lat : 32.0 ;long : 42.0; ;alpha : 50.814148004477914
 
 Min number of satellites : 2.0;
 Rate minValue (%) : 61.0;
 MeanValue : 2.39;
 MeanTime : 1.0206685996055602;
 StoreResult : [3.0, 3.0, 2.0, 3.0, 3.0, 2.0, 3.0, 3.0, 3.0, 2.0, 3.0, 2.0, 2.0, 3.0, 2.0, 2.0, 2.0, 2.0, 2.0, 2.0, 3.0, 2.0, 3.0, 2.0, 2.0, 2.0, 3.0, 3.0, 3.0, 2.0, 3.0, 3.0, 3.0, 2.0, 2.0, 2.0, 2.0, 2.0, 3.0, 2.0, 3.0, 2.0, 2.0, 3.0, 3.0, 2.0, 2.0, 3.0, 2.0, 2.0, 2.0, 3.0, 2.0, 3.0, 2.0, 2.0, 2.0, 2.0, 2.0, 2.0, 2.0, 2.0, 2.0, 3.0, 3.0, 2.0, 2.0, 2.0, 3.0, 3.0, 2.0, 3.0, 3.0, 2.0, 2.0, 2.0, 2.0, 3.0, 2.0, 2.0, 2.0, 2.0, 3.0, 2.0, 3.0, 3.0, 3.0, 2.0, 3.0, 2.0, 2.0, 2.0, 3.0, 2.0, 2.0, 3.0, 2.0, 2.0, 2.0, 3.0];
 StoreTime : [1.0195209980010986, 1.019232988357544, 1.0196149349212646, 1.0199480056762695, 1.0191400051116943, 1.0196630954742432, 1.0240349769592285, 1.0208029747009277, 1.0200550556182861, 1.019209861755371, 1.0203731060028076, 1.0196518898010254, 1.0183558464050293, 1.0179729461669922, 1.0182688236236572, 1.0205888748168945, 1.0180461406707764, 1.0197429656982422, 1.0200490951538086, 1.018827199935913, 1.0210528373718262, 1.0180768966674805, 1.019446849822998, 1.0268588066101074, 1.0226590633392334, 1.0198729038238525, 1.0216240882873535, 1.0191171169281006, 1.0197668075561523, 1.0192630290985107, 1.021798849105835, 1.0235631465911865, 1.018848180770874, 1.0207898616790771, 1.0197710990905762, 1.0212960243225098, 1.018172025680542, 1.0214459896087646, 1.018540859222412, 1.0214998722076416, 1.019968032836914, 1.0209510326385498, 1.0197510719299316, 1.0246498584747314, 1.0203781127929688, 1.018791913986206, 1.0173099040985107, 1.0243699550628662, 1.0193359851837158, 1.0182080268859863, 1.01835298538208, 1.0277659893035889, 1.0231819152832031, 1.0239849090576172, 1.0183019638061523, 1.0242440700531006, 1.0257489681243896, 1.0179378986358643, 1.021359920501709, 1.023695945739746, 1.0182840824127197, 1.0190069675445557, 1.0195839405059814, 1.0186820030212402, 1.0249440670013428, 1.0195348262786865, 1.024341106414795, 1.018876075744629, 1.019662857055664, 1.0205471515655518, 1.019516944885254, 1.025386095046997, 1.024648904800415, 1.0223147869110107, 1.0200560092926025, 1.020388126373291, 1.0178511142730713, 1.0221569538116455, 1.019251823425293, 1.0223109722137451, 1.02217698097229, 1.0214920043945312, 1.0251338481903076, 1.0214259624481201, 1.0193219184875488, 1.0277910232543945, 1.0241279602050781, 1.0190260410308838, 1.0213170051574707, 1.020352840423584, 1.018052101135254, 1.0166981220245361, 1.0193071365356445, 1.0230250358581543, 1.016890048980713, 1.0193898677825928, 1.0199267864227295, 1.018362045288086, 1.0183498859405518, 1.022495985031128]